# WP-4 synthetic control binary-silicon-quartz
10.0000 1.1000000
10.0500 1.1005000
10.1000 1.1010000
10.1500 1.1015000
10.2000 1.1020000
10.2500 1.1025000
10.3000 1.1030000
10.3500 1.1035000
10.4000 1.1040000
10.4500 1.1045000
10.5000 1.1050000
10.5500 1.1055000
10.6000 1.1060000
10.6500 1.1065000
10.7000 1.1070000
10.7500 1.1075000
10.8000 1.1080000
10.8500 1.1085000
10.9000 1.1090000
10.9500 1.1095000
11.0000 1.1100000
11.0500 1.1105000
11.1000 1.1110000
11.1500 1.1115000
11.2000 1.1120000
11.2500 1.1125000
11.3000 1.1130000
11.3500 1.1135000
11.4000 1.1140000
11.4500 1.1145000
11.5000 1.1150000
11.5500 1.1155000
11.6000 1.1160000
11.6500 1.1165000
11.7000 1.1170000
11.7500 1.1175000
11.8000 1.1180000
11.8500 1.1185000
11.9000 1.1190000
11.9500 1.1195000
12.0000 1.1200000
12.0500 1.1205000
12.1000 1.1210000
12.1500 1.1215000
12.2000 1.1220000
12.2500 1.1225000
12.3000 1.1230000
12.3500 1.1235000
12.4000 1.1240000
12.4500 1.1245000
12.5000 1.1250000
12.5500 1.1255000
12.6000 1.1260000
12.6500 1.1265000
12.7000 1.1270000
12.7500 1.1275000
12.8000 1.1280000
12.8500 1.1285000
12.9000 1.1290000
12.9500 1.1295000
13.0000 1.1300000
13.0500 1.1305000
13.1000 1.1310000
13.1500 1.1315000
13.2000 1.1320000
13.2500 1.1325000
13.3000 1.1330000
13.3500 1.1335000
13.4000 1.1340000
13.4500 1.1345000
13.5000 1.1350000
13.5500 1.1355000
13.6000 1.1360000
13.6500 1.1365000
13.7000 1.1370000
13.7500 1.1375000
13.8000 1.1380000
13.8500 1.1385000
13.9000 1.1390000
13.9500 1.1395000
14.0000 1.1400000
14.0500 1.1405000
14.1000 1.1410000
14.1500 1.1415000
14.2000 1.1420000
14.2500 1.1425000
14.3000 1.1430000
14.3500 1.1435000
14.4000 1.1440000
14.4500 1.1445000
14.5000 1.1450000
14.5500 1.1455000
14.6000 1.1460000
14.6500 1.1465000
14.7000 1.1470000
14.7500 1.1475000
14.8000 1.1480000
14.8500 1.1485000
14.9000 1.1490000
14.9500 1.1495000
15.0000 1.1500000
15.0500 1.1505000
15.1000 1.1510000
15.1500 1.1515000
15.2000 1.1520000
15.2500 1.1525000
15.3000 1.1530000
15.3500 1.1535000
15.4000 1.1540000
15.4500 1.1545000
15.5000 1.1550000
15.5500 1.1555000
15.6000 1.1560000
15.6500 1.1565000
15.7000 1.1570000
15.7500 1.1575000
15.8000 1.1580000
15.8500 1.1585000
15.9000 1.1590000
15.9500 1.1595000
16.0000 1.1600000
16.0500 1.1605000
16.1000 1.1610000
16.1500 1.1615000
16.2000 1.1620000
16.2500 1.1625000
16.3000 1.1630000
16.3500 1.1635000
16.4000 1.1640000
16.4500 1.1645000
16.5000 1.1650000
16.5500 1.1655000
16.6000 1.1660000
16.6500 1.1665000
16.7000 1.1670000
16.7500 1.1675000
16.8000 1.1680000
16.8500 1.1685000
16.9000 1.1690000
16.9500 1.1695000
17.0000 1.1700000
17.0500 1.1705000
17.1000 1.1710000
17.1500 1.1715000
17.2000 1.1720000
17.2500 1.1725000
17.3000 1.1730000
17.3500 1.1735000
17.4000 1.1740000
17.4500 1.1745000
17.5000 1.1750000
17.5500 1.1755000
17.6000 1.1760000
17.6500 1.1765000
17.7000 1.1770000
17.7500 1.1775000
17.8000 1.1780000
17.8500 1.1785000
17.9000 1.1790000
17.9500 1.1795000
18.0000 1.1800000
18.0500 1.1805000
18.1000 1.1810000
18.1500 1.1815000
18.2000 1.1820000
18.2500 1.1825000
18.3000 1.1830000
18.3500 1.1835000
18.4000 1.1840000
18.4500 1.1845000
18.5000 1.1850000
18.5500 1.1855000
18.6000 1.1860000
18.6500 1.1865000
18.7000 1.1870000
18.7500 1.1875000
18.8000 1.1880000
18.8500 1.1885000
18.9000 1.1890000
18.9500 1.1895000
19.0000 1.1900000
19.0500 1.1905000
19.1000 1.1910000
19.1500 1.1915000
19.2000 1.1920000
19.2500 1.1925000
19.3000 1.1930000
19.3500 1.1935000
19.4000 1.1940000
19.4500 1.1945000
19.5000 1.1950000
19.5500 1.1955000
19.6000 1.1960000
19.6500 1.1965000
19.7000 1.1970000
19.7500 1.1975000
19.8000 1.1980000
19.8500 1.1985000
19.9000 1.1990000
19.9500 1.1995000
20.0000 1.2000000
20.0500 1.2005000
20.1000 1.2010000
20.1500 1.2015000
20.2000 1.2020000
20.2500 1.2025000
20.3000 1.2030000
20.3500 1.2035004
20.4000 1.2040110
20.4500 1.2047094
20.5000 1.2078186
20.5500 1.2323314
20.6000 1.3866063
20.6500 2.0661222
20.7000 4.1001252
20.7500 8.0926252
20.8000 12.7942116
20.8500 14.9950651
20.9000 12.8089387
20.9500 8.1109496
21.0000 4.1134205
21.0500 2.0742033
21.1000 1.3926788
21.1500 1.2385227
21.2000 1.2148421
21.2500 1.2127114
21.3000 1.2130111
21.3500 1.2135004
21.4000 1.2140000
21.4500 1.2145000
21.5000 1.2150000
21.5500 1.2155000
21.6000 1.2160000
21.6500 1.2165000
21.7000 1.2170000
21.7500 1.2175000
21.8000 1.2180000
21.8500 1.2185000
21.9000 1.2190000
21.9500 1.2195000
22.0000 1.2200000
22.0500 1.2205000
22.1000 1.2210000
22.1500 1.2215000
22.2000 1.2220000
22.2500 1.2225000
22.3000 1.2230000
22.3500 1.2235000
22.4000 1.2240000
22.4500 1.2245000
22.5000 1.2250000
22.5500 1.2255000
22.6000 1.2260000
22.6500 1.2265000
22.7000 1.2270000
22.7500 1.2275000
22.8000 1.2280000
22.8500 1.2285000
22.9000 1.2290000
22.9500 1.2295000
23.0000 1.2300000
23.0500 1.2305000
23.1000 1.2310000
23.1500 1.2315000
23.2000 1.2320000
23.2500 1.2325000
23.3000 1.2330000
23.3500 1.2335000
23.4000 1.2340000
23.4500 1.2345000
23.5000 1.2350000
23.5500 1.2355000
23.6000 1.2360000
23.6500 1.2365000
23.7000 1.2370000
23.7500 1.2375000
23.8000 1.2380000
23.8500 1.2385000
23.9000 1.2390000
23.9500 1.2395000
24.0000 1.2400000
24.0500 1.2405000
24.1000 1.2410000
24.1500 1.2415000
24.2000 1.2420000
24.2500 1.2425000
24.3000 1.2430000
24.3500 1.2435000
24.4000 1.2440000
24.4500 1.2445000
24.5000 1.2450000
24.5500 1.2455000
24.6000 1.2460000
24.6500 1.2465000
24.7000 1.2470000
24.7500 1.2475000
24.8000 1.2480000
24.8500 1.2485000
24.9000 1.2490000
24.9500 1.2495000
25.0000 1.2500000
25.0500 1.2505000
25.1000 1.2510000
25.1500 1.2515000
25.2000 1.2520000
25.2500 1.2525000
25.3000 1.2530000
25.3500 1.2535000
25.4000 1.2540000
25.4500 1.2545000
25.5000 1.2550000
25.5500 1.2555000
25.6000 1.2560000
25.6500 1.2565000
25.7000 1.2570000
25.7500 1.2575000
25.8000 1.2580000
25.8500 1.2585000
25.9000 1.2590000
25.9500 1.2595000
26.0000 1.2600000
26.0500 1.2605000
26.1000 1.2610001
26.1500 1.2615025
26.2000 1.2620649
26.2500 1.2636829
26.3000 1.2782472
26.3500 1.4024643
26.4000 2.1595724
26.4500 5.3456552
26.5000 14.4157493
26.5500 31.2297143
26.6000 49.5430018
26.6500 56.2665000
26.7000 45.5737700
26.7500 26.5059392
26.8000 11.4337611
26.8500 4.1638582
26.9000 1.8521090
26.9500 1.3525390
27.0000 1.2783618
27.0500 1.2710954
27.1000 1.2710300
27.1500 1.2715011
27.2000 1.2720000
27.2500 1.2725000
27.3000 1.2730000
27.3500 1.2735000
27.4000 1.2740000
27.4500 1.2745000
27.5000 1.2750000
27.5500 1.2755000
27.6000 1.2760000
27.6500 1.2765000
27.7000 1.2770000
27.7500 1.2775000
27.8000 1.2780000
27.8500 1.2785000
27.9000 1.2790001
27.9500 1.2795049
28.0000 1.2801247
28.0500 1.2827584
28.1000 1.3099325
28.1500 1.5435884
28.2000 2.9607809
28.2500 8.8862043
28.3000 25.6353800
28.3500 56.4331303
28.4000 89.5978466
28.4500 101.2845000
28.5000 81.3524875
28.5500 46.6167196
28.6000 19.4337843
28.6500 6.4237987
28.7000 2.3153265
28.7500 1.4330500
28.8000 1.3025673
28.8500 1.2895309
28.9000 1.2890516
28.9500 1.2895018
29.0000 1.2900000
29.0500 1.2905000
29.1000 1.2910000
29.1500 1.2915000
29.2000 1.2920000
29.2500 1.2925000
29.3000 1.2930000
29.3500 1.2935000
29.4000 1.2940000
29.4500 1.2945000
29.5000 1.2950000
29.5500 1.2955000
29.6000 1.2960000
29.6500 1.2965000
29.7000 1.2970000
29.7500 1.2975000
29.8000 1.2980000
29.8500 1.2985000
29.9000 1.2990000
29.9500 1.2995000
30.0000 1.3000000
30.0500 1.3005000
30.1000 1.3010000
30.1500 1.3015000
30.2000 1.3020000
30.2500 1.3025000
30.3000 1.3030000
30.3500 1.3035000
30.4000 1.3040000
30.4500 1.3045000
30.5000 1.3050000
30.5500 1.3055000
30.6000 1.3060000
30.6500 1.3065000
30.7000 1.3070000
30.7500 1.3075000
30.8000 1.3080000
30.8500 1.3085000
30.9000 1.3090000
30.9500 1.3095000
31.0000 1.3100000
31.0500 1.3105000
31.1000 1.3110000
31.1500 1.3115000
31.2000 1.3120000
31.2500 1.3125000
31.3000 1.3130000
31.3500 1.3135000
31.4000 1.3140000
31.4500 1.3145000
31.5000 1.3150000
31.5500 1.3155000
31.6000 1.3160000
31.6500 1.3165000
31.7000 1.3170000
31.7500 1.3175000
31.8000 1.3180000
31.8500 1.3185000
31.9000 1.3190000
31.9500 1.3195000
32.0000 1.3200000
32.0500 1.3205000
32.1000 1.3210000
32.1500 1.3215000
32.2000 1.3220000
32.2500 1.3225000
32.3000 1.3230000
32.3500 1.3235000
32.4000 1.3240000
32.4500 1.3245000
32.5000 1.3250000
32.5500 1.3255000
32.6000 1.3260000
32.6500 1.3265000
32.7000 1.3270000
32.7500 1.3275000
32.8000 1.3280000
32.8500 1.3285000
32.9000 1.3290000
32.9500 1.3295000
33.0000 1.3300000
33.0500 1.3305000
33.1000 1.3310000
33.1500 1.3315000
33.2000 1.3320000
33.2500 1.3325000
33.3000 1.3330000
33.3500 1.3335000
33.4000 1.3340000
33.4500 1.3345000
33.5000 1.3350000
33.5500 1.3355000
33.6000 1.3360000
33.6500 1.3365000
33.7000 1.3370000
33.7500 1.3375000
33.8000 1.3380000
33.8500 1.3385000
33.9000 1.3390000
33.9500 1.3395000
34.0000 1.3400000
34.0500 1.3405000
34.1000 1.3410000
34.1500 1.3415000
34.2000 1.3420000
34.2500 1.3425000
34.3000 1.3430000
34.3500 1.3435000
34.4000 1.3440000
34.4500 1.3445000
34.5000 1.3450000
34.5500 1.3455000
34.6000 1.3460000
34.6500 1.3465000
34.7000 1.3470000
34.7500 1.3475000
34.8000 1.3480000
34.8500 1.3485000
34.9000 1.3490000
34.9500 1.3495000
35.0000 1.3500000
35.0500 1.3505000
35.1000 1.3510000
35.1500 1.3515000
35.2000 1.3520000
35.2500 1.3525000
35.3000 1.3530000
35.3500 1.3535000
35.4000 1.3540000
35.4500 1.3545000
35.5000 1.3550000
35.5500 1.3555000
35.6000 1.3560000
35.6500 1.3565000
35.7000 1.3570000
35.7500 1.3575000
35.8000 1.3580000
35.8500 1.3585000
35.9000 1.3590000
35.9500 1.3595000
36.0000 1.3600000
36.0500 1.3605004
36.1000 1.3610111
36.1500 1.3617216
36.2000 1.3651395
36.2500 1.3939554
36.3000 1.5858516
36.3500 2.4799051
36.4000 5.3186942
36.4500 11.2702878
36.5000 18.9098692
36.5500 23.3388489
36.6000 20.8253071
36.6500 13.5520039
36.7000 6.7626605
36.7500 3.0568932
36.8000 1.7420261
36.8500 1.4270542
36.9000 1.3754819
36.9500 1.3700074
37.0000 1.3700281
37.0500 1.3705011
37.1000 1.3710000
37.1500 1.3715000
37.2000 1.3720000
37.2500 1.3725000
37.3000 1.3730000
37.3500 1.3735000
37.4000 1.3740000
37.4500 1.3745000
37.5000 1.3750000
37.5500 1.3755000
37.6000 1.3760000
37.6500 1.3765000
37.7000 1.3770000
37.7500 1.3775000
37.8000 1.3780000
37.8500 1.3785000
37.9000 1.3790000
37.9500 1.3795000
38.0000 1.3800000
38.0500 1.3805000
38.1000 1.3810000
38.1500 1.3815000
38.2000 1.3820000
38.2500 1.3825000
38.3000 1.3830000
38.3500 1.3835000
38.4000 1.3840000
38.4500 1.3845000
38.5000 1.3850000
38.5500 1.3855000
38.6000 1.3860000
38.6500 1.3865000
38.7000 1.3870000
38.7500 1.3875000
38.8000 1.3880000
38.8500 1.3885000
38.9000 1.3890000
38.9500 1.3895001
39.0000 1.3900029
39.0500 1.3905643
39.1000 1.3920211
39.1500 1.4029683
39.2000 1.4830816
39.2500 1.9040031
39.3000 3.4241914
39.3500 7.0969610
39.4000 12.7182932
39.4500 17.2934606
39.5000 17.1787926
39.5500 12.4754805
39.6000 6.8958600
39.6500 3.3269087
39.7000 1.8761063
39.7500 1.4815813
39.8000 1.4084340
39.8500 1.3994156
39.9000 1.3990568
39.9500 1.3995025
40.0000 1.4000001
40.0500 1.4005000
40.1000 1.4010000
40.1500 1.4015000
40.2000 1.4020000
40.2500 1.4025000
40.3000 1.4030000
40.3500 1.4035000
40.4000 1.4040000
40.4500 1.4045000
40.5000 1.4050000
40.5500 1.4055000
40.6000 1.4060000
40.6500 1.4065000
40.7000 1.4070000
40.7500 1.4075000
40.8000 1.4080000
40.8500 1.4085000
40.9000 1.4090000
40.9500 1.4095000
41.0000 1.4100000
41.0500 1.4105000
41.1000 1.4110000
41.1500 1.4115000
41.2000 1.4120000
41.2500 1.4125000
41.3000 1.4130000
41.3500 1.4135000
41.4000 1.4140000
41.4500 1.4145000
41.5000 1.4150000
41.5500 1.4155000
41.6000 1.4160000
41.6500 1.4165000
41.7000 1.4170000
41.7500 1.4175000
41.8000 1.4180000
41.8500 1.4185000
41.9000 1.4190000
41.9500 1.4195000
42.0000 1.4200000
42.0500 1.4205000
42.1000 1.4210000
42.1500 1.4215000
42.2000 1.4220000
42.2500 1.4225000
42.3000 1.4230000
42.3500 1.4235000
42.4000 1.4240000
42.4500 1.4245000
42.5000 1.4250000
42.5500 1.4255000
42.6000 1.4260000
42.6500 1.4265000
42.7000 1.4270000
42.7500 1.4275000
42.8000 1.4280000
42.8500 1.4285000
42.9000 1.4290000
42.9500 1.4295000
43.0000 1.4300000
43.0500 1.4305000
43.1000 1.4310000
43.1500 1.4315000
43.2000 1.4320000
43.2500 1.4325000
43.3000 1.4330000
43.3500 1.4335000
43.4000 1.4340000
43.4500 1.4345000
43.5000 1.4350000
43.5500 1.4355000
43.6000 1.4360000
43.6500 1.4365000
43.7000 1.4370000
43.7500 1.4375000
43.8000 1.4380000
43.8500 1.4385000
43.9000 1.4390000
43.9500 1.4395000
44.0000 1.4400000
44.0500 1.4405000
44.1000 1.4410000
44.1500 1.4415000
44.2000 1.4420000
44.2500 1.4425000
44.3000 1.4430000
44.3500 1.4435000
44.4000 1.4440000
44.4500 1.4445000
44.5000 1.4450000
44.5500 1.4455000
44.6000 1.4460000
44.6500 1.4465000
44.7000 1.4470000
44.7500 1.4475000
44.8000 1.4480000
44.8500 1.4485000
44.9000 1.4490000
44.9500 1.4495000
45.0000 1.4500000
45.0500 1.4505000
45.1000 1.4510000
45.1500 1.4515000
45.2000 1.4520000
45.2500 1.4525000
45.3000 1.4530000
45.3500 1.4535000
45.4000 1.4540000
45.4500 1.4545000
45.5000 1.4550000
45.5500 1.4555000
45.6000 1.4560000
45.6500 1.4565000
45.7000 1.4570000
45.7500 1.4575000
45.8000 1.4580000
45.8500 1.4585000
45.9000 1.4590000
45.9500 1.4595000
46.0000 1.4600000
46.0500 1.4605000
46.1000 1.4610000
46.1500 1.4615000
46.2000 1.4620000
46.2500 1.4625000
46.3000 1.4630000
46.3500 1.4635000
46.4000 1.4640000
46.4500 1.4645000
46.5000 1.4650000
46.5500 1.4655000
46.6000 1.4660000
46.6500 1.4665000
46.7000 1.4670000
46.7500 1.4675000
46.8000 1.4680013
46.8500 1.4685354
46.9000 1.4696906
46.9500 1.4790243
47.0000 1.5628752
47.0500 2.1109006
47.1000 4.5934007
47.1500 12.2364128
47.2000 27.7152368
47.2500 46.7111132
47.3000 56.6154642
47.3500 49.0013380
47.4000 30.4404284
47.4500 13.9577263
47.5000 5.2790283
47.5500 2.2951824
47.6000 1.6008914
47.6500 1.4899556
47.7000 1.4780251
47.7500 1.4775552
47.8000 1.4780021
47.8500 1.4785001
47.9000 1.4790000
47.9500 1.4795000
48.0000 1.4800000
48.0500 1.4805000
48.1000 1.4810000
48.1500 1.4815000
48.2000 1.4820000
48.2500 1.4825000
48.3000 1.4830000
48.3500 1.4835000
48.4000 1.4840000
48.4500 1.4845000
48.5000 1.4850000
48.5500 1.4855000
48.6000 1.4860000
48.6500 1.4865000
48.7000 1.4870000
48.7500 1.4875000
48.8000 1.4880000
48.8500 1.4885000
48.9000 1.4890000
48.9500 1.4895000
49.0000 1.4900000
49.0500 1.4905000
49.1000 1.4910000
49.1500 1.4915000
49.2000 1.4920000
49.2500 1.4925000
49.3000 1.4930000
49.3500 1.4935000
49.4000 1.4940000
49.4500 1.4945000
49.5000 1.4950000
49.5500 1.4955000
49.6000 1.4960000
49.6500 1.4965001
49.7000 1.4970030
49.7500 1.4975634
49.8000 1.4989607
49.8500 1.5088000
49.9000 1.5770878
49.9500 1.9181155
50.0000 3.0868371
50.0500 5.7538814
50.1000 9.5626013
50.1500 12.3057172
50.2000 11.7408292
50.2500 8.3635770
50.3000 4.7540174
50.3500 2.5927593
50.4000 1.7620645
50.4500 1.5477325
50.5000 1.5101213
50.5500 1.5059290
50.6000 1.5060254
50.6500 1.5065011
50.7000 1.5070000
50.7500 1.5075000
50.8000 1.5080000
50.8500 1.5085000
50.9000 1.5090000
50.9500 1.5095000
51.0000 1.5100000
51.0500 1.5105000
51.1000 1.5110000
51.1500 1.5115000
51.2000 1.5120000
51.2500 1.5125000
51.3000 1.5130000
51.3500 1.5135000
51.4000 1.5140000
51.4500 1.5145000
51.5000 1.5150000
51.5500 1.5155000
51.6000 1.5160000
51.6500 1.5165000
51.7000 1.5170000
51.7500 1.5175000
51.8000 1.5180000
51.8500 1.5185000
51.9000 1.5190000
51.9500 1.5195000
52.0000 1.5200000
52.0500 1.5205000
52.1000 1.5210000
52.1500 1.5215000
52.2000 1.5220000
52.2500 1.5225000
52.3000 1.5230000
52.3500 1.5235000
52.4000 1.5240000
52.4500 1.5245000
52.5000 1.5250000
52.5500 1.5255000
52.6000 1.5260000
52.6500 1.5265000
52.7000 1.5270000
52.7500 1.5275000
52.8000 1.5280000
52.8500 1.5285000
52.9000 1.5290000
52.9500 1.5295000
53.0000 1.5300000
53.0500 1.5305000
53.1000 1.5310000
53.1500 1.5315000
53.2000 1.5320000
53.2500 1.5325000
53.3000 1.5330000
53.3500 1.5335000
53.4000 1.5340000
53.4500 1.5345000
53.5000 1.5350000
53.5500 1.5355000
53.6000 1.5360000
53.6500 1.5365000
53.7000 1.5370000
53.7500 1.5375000
53.8000 1.5380000
53.8500 1.5385000
53.9000 1.5390000
53.9500 1.5395000
54.0000 1.5400000
54.0500 1.5405000
54.1000 1.5410000
54.1500 1.5415000
54.2000 1.5420000
54.2500 1.5425000
54.3000 1.5430000
54.3500 1.5435000
54.4000 1.5440003
54.4500 1.5445075
54.5000 1.5451440
54.5500 1.5474494
54.6000 1.5646636
54.6500 1.6728507
54.7000 2.1518462
54.7500 3.5948737
54.8000 6.4484312
54.8500 9.8423559
54.9000 11.4747578
54.9500 9.9490470
55.0000 6.5761224
55.0500 3.6771463
55.1000 2.1872715
55.1500 1.6861092
55.2000 1.5721369
55.2500 1.5546301
55.3000 1.5531593
55.3500 1.5535084
55.4000 1.5540003
55.4500 1.5545000
55.5000 1.5550000
55.5500 1.5555000
55.6000 1.5560002
55.6500 1.5565059
55.7000 1.5571303
55.7500 1.5595430
55.8000 1.5806566
55.8500 1.7361646
55.9000 2.5441254
55.9500 5.4219874
56.0000 12.2684751
56.0500 22.5534364
56.1000 30.6617210
56.1500 30.0860834
56.2000 21.3326011
56.2500 11.2520909
56.3000 4.9209638
56.3500 2.3863707
56.4000 1.7065844
56.4500 1.5819702
56.5000 1.5665136
56.5500 1.5655927
56.6000 1.5660040
56.6500 1.5665001
56.7000 1.5670000
56.7500 1.5675000
56.8000 1.5680000
56.8500 1.5685000
56.9000 1.5690000
56.9500 1.5695000
57.0000 1.5700000
57.0500 1.5705000
57.1000 1.5710000
57.1500 1.5715000
57.2000 1.5720000
57.2500 1.5725000
57.3000 1.5730000
57.3500 1.5735000
57.4000 1.5740000
57.4500 1.5745000
57.5000 1.5750000
57.5500 1.5755000
57.6000 1.5760000
57.6500 1.5765000
57.7000 1.5770000
57.7500 1.5775000
57.8000 1.5780000
57.8500 1.5785000
57.9000 1.5790000
57.9500 1.5795000
58.0000 1.5800000
58.0500 1.5805000
58.1000 1.5810000
58.1500 1.5815000
58.2000 1.5820000
58.2500 1.5825000
58.3000 1.5830000
58.3500 1.5835000
58.4000 1.5840000
58.4500 1.5845000
58.5000 1.5850000
58.5500 1.5855000
58.6000 1.5860000
58.6500 1.5865000
58.7000 1.5870000
58.7500 1.5875000
58.8000 1.5880000
58.8500 1.5885000
58.9000 1.5890000
58.9500 1.5895000
59.0000 1.5900000
59.0500 1.5905000
59.1000 1.5910000
59.1500 1.5915000
59.2000 1.5920000
59.2500 1.5925000
59.3000 1.5930000
59.3500 1.5935000
59.4000 1.5940000
59.4500 1.5945000
59.5000 1.5950000
59.5500 1.5955000
59.6000 1.5960000
59.6500 1.5965000
59.7000 1.5970000
59.7500 1.5975000
59.8000 1.5980000
59.8500 1.5985000
59.9000 1.5990000
59.9500 1.5995000
60.0000 1.6000000
60.0500 1.6005000
60.1000 1.6010000
60.1500 1.6015000
60.2000 1.6020000
60.2500 1.6025000
60.3000 1.6030000
60.3500 1.6035000
60.4000 1.6040000
60.4500 1.6045000
60.5000 1.6050000
60.5500 1.6055000
60.6000 1.6060000
60.6500 1.6065000
60.7000 1.6070000
60.7500 1.6075000
60.8000 1.6080000
60.8500 1.6085000
60.9000 1.6090000
60.9500 1.6095000
61.0000 1.6100000
61.0500 1.6105000
61.1000 1.6110000
61.1500 1.6115000
61.2000 1.6120000
61.2500 1.6125000
61.3000 1.6130000
61.3500 1.6135000
61.4000 1.6140000
61.4500 1.6145000
61.5000 1.6150000
61.5500 1.6155000
61.6000 1.6160000
61.6500 1.6165000
61.7000 1.6170000
61.7500 1.6175000
61.8000 1.6180000
61.8500 1.6185000
61.9000 1.6190000
61.9500 1.6195000
62.0000 1.6200000
62.0500 1.6205000
62.1000 1.6210000
62.1500 1.6215000
62.2000 1.6220000
62.2500 1.6225000
62.3000 1.6230000
62.3500 1.6235000
62.4000 1.6240000
62.4500 1.6245000
62.5000 1.6250000
62.5500 1.6255000
62.6000 1.6260000
62.6500 1.6265000
62.7000 1.6270000
62.7500 1.6275000
62.8000 1.6280000
62.8500 1.6285000
62.9000 1.6290000
62.9500 1.6295000
63.0000 1.6300000
63.0500 1.6305000
63.1000 1.6310000
63.1500 1.6315000
63.2000 1.6320000
63.2500 1.6325000
63.3000 1.6330000
63.3500 1.6335000
63.4000 1.6340000
63.4500 1.6345000
63.5000 1.6350000
63.5500 1.6355000
63.6000 1.6360000
63.6500 1.6365000
63.7000 1.6370000
63.7500 1.6375000
63.8000 1.6380000
63.8500 1.6385000
63.9000 1.6390000
63.9500 1.6395000
64.0000 1.6400000
64.0500 1.6405000
64.1000 1.6410000
64.1500 1.6415000
64.2000 1.6420000
64.2500 1.6425000
64.3000 1.6430000
64.3500 1.6435000
64.4000 1.6440000
64.4500 1.6445000
64.5000 1.6450000
64.5500 1.6455000
64.6000 1.6460000
64.6500 1.6465000
64.7000 1.6470000
64.7500 1.6475000
64.8000 1.6480000
64.8500 1.6485000
64.9000 1.6490000
64.9500 1.6495000
65.0000 1.6500000
65.0500 1.6505000
65.1000 1.6510000
65.1500 1.6515000
65.2000 1.6520000
65.2500 1.6525000
65.3000 1.6530000
65.3500 1.6535000
65.4000 1.6540000
65.4500 1.6545000
65.5000 1.6550000
65.5500 1.6555000
65.6000 1.6560000
65.6500 1.6565000
65.7000 1.6570000
65.7500 1.6575000
65.8000 1.6580000
65.8500 1.6585000
65.9000 1.6590000
65.9500 1.6595000
66.0000 1.6600000
66.0500 1.6605000
66.1000 1.6610000
66.1500 1.6615000
66.2000 1.6620000
66.2500 1.6625000
66.3000 1.6630000
66.3500 1.6635000
66.4000 1.6640000
66.4500 1.6645000
66.5000 1.6650000
66.5500 1.6655000
66.6000 1.6660000
66.6500 1.6665000
66.7000 1.6670000
66.7500 1.6675000
66.8000 1.6680000
66.8500 1.6685000
66.9000 1.6690000
66.9500 1.6695000
67.0000 1.6700000
67.0500 1.6705000
67.1000 1.6710000
67.1500 1.6715000
67.2000 1.6720000
67.2500 1.6725000
67.3000 1.6730000
67.3500 1.6735000
67.4000 1.6740000
67.4500 1.6745000
67.5000 1.6750000
67.5500 1.6755000
67.6000 1.6760000
67.6500 1.6765000
67.7000 1.6770000
67.7500 1.6775000
67.8000 1.6780000
67.8500 1.6785000
67.9000 1.6790000
67.9500 1.6795000
68.0000 1.6800000
68.0500 1.6805000
68.1000 1.6810000
68.1500 1.6815000
68.2000 1.6820000
68.2500 1.6825000
68.3000 1.6830000
68.3500 1.6835000
68.4000 1.6840000
68.4500 1.6845000
68.5000 1.6850000
68.5500 1.6855000
68.6000 1.6860000
68.6500 1.6865015
68.7000 1.6870359
68.7500 1.6881032
68.8000 1.6951731
68.8500 1.7488172
68.9000 2.0476438
68.9500 3.1973927
69.0000 6.1729363
69.0500 11.1145961
69.1000 15.6998295
69.1500 16.4162860
69.2000 12.6361273
69.2500 7.4442273
69.3000 3.8304720
69.3500 2.2551782
69.4000 1.7983662
69.4500 1.7082125
69.5000 1.6962740
69.5500 1.6955837
69.6000 1.6960039
69.6500 1.6965001
69.7000 1.6970000
69.7500 1.6975000
69.8000 1.6980000
69.8500 1.6985000
69.9000 1.6990000
69.9500 1.6995000
70.0000 1.7000000
70.0500 1.7005000
70.1000 1.7010000
70.1500 1.7015000
70.2000 1.7020000
70.2500 1.7025000
70.3000 1.7030000
70.3500 1.7035000
70.4000 1.7040000
70.4500 1.7045000
70.5000 1.7050000
70.5500 1.7055000
70.6000 1.7060000
70.6500 1.7065000
70.7000 1.7070000
70.7500 1.7075000
70.8000 1.7080000
70.8500 1.7085000
70.9000 1.7090000
70.9500 1.7095000
71.0000 1.7100000
71.0500 1.7105000
71.1000 1.7110000
71.1500 1.7115000
71.2000 1.7120000
71.2500 1.7125000
71.3000 1.7130000
71.3500 1.7135000
71.4000 1.7140000
71.4500 1.7145000
71.5000 1.7150000
71.5500 1.7155000
71.6000 1.7160000
71.6500 1.7165000
71.7000 1.7170000
71.7500 1.7175000
71.8000 1.7180000
71.8500 1.7185000
71.9000 1.7190000
71.9500 1.7195000
72.0000 1.7200000
72.0500 1.7205000
72.1000 1.7210000
72.1500 1.7215000
72.2000 1.7220000
72.2500 1.7225000
72.3000 1.7230000
72.3500 1.7235000
72.4000 1.7240000
72.4500 1.7245000
72.5000 1.7250000
72.5500 1.7255000
72.6000 1.7260000
72.6500 1.7265000
72.7000 1.7270000
72.7500 1.7275000
72.8000 1.7280000
72.8500 1.7285000
72.9000 1.7290000
72.9500 1.7295000
73.0000 1.7300000
73.0500 1.7305000
73.1000 1.7310000
73.1500 1.7315000
73.2000 1.7320000
73.2500 1.7325000
73.3000 1.7330000
73.3500 1.7335000
73.4000 1.7340000
73.4500 1.7345000
73.5000 1.7350000
73.5500 1.7355000
73.6000 1.7360000
73.6500 1.7365000
73.7000 1.7370000
73.7500 1.7375000
73.8000 1.7380000
73.8500 1.7385000
73.9000 1.7390000
73.9500 1.7395000
74.0000 1.7400000
74.0500 1.7405000
74.1000 1.7410000
74.1500 1.7415000
74.2000 1.7420000
74.2500 1.7425000
74.3000 1.7430000
74.3500 1.7435000
74.4000 1.7440000
74.4500 1.7445000
74.5000 1.7450000
74.5500 1.7455000
74.6000 1.7460000
74.6500 1.7465000
74.7000 1.7470000
74.7500 1.7475000
74.8000 1.7480000
74.8500 1.7485000
74.9000 1.7490000
74.9500 1.7495000
75.0000 1.7500000
75.0500 1.7505000
75.1000 1.7510000
75.1500 1.7515000
75.2000 1.7520000
75.2500 1.7525000
75.3000 1.7530000
75.3500 1.7535000
75.4000 1.7540000
75.4500 1.7545000
75.5000 1.7550000
75.5500 1.7555000
75.6000 1.7560000
75.6500 1.7565000
75.7000 1.7570000
75.7500 1.7575000
75.8000 1.7580000
75.8500 1.7585000
75.9000 1.7590012
75.9500 1.7595281
76.0000 1.7604631
76.0500 1.7659059
76.1000 1.8056228
76.1500 2.0219537
76.2000 2.8369535
76.2500 4.8996390
76.3000 8.2368531
76.3500 11.2101305
76.4000 11.5111133
76.4500 8.8759818
76.5000 5.4338436
76.5500 3.1038919
76.6000 2.1112410
76.6500 1.8294719
76.7000 1.7751219
76.7500 1.7682407
76.8000 1.7680478
76.8500 1.7685022
76.9000 1.7690001
76.9500 1.7695000
77.0000 1.7700000
77.0500 1.7705000
77.1000 1.7710000
77.1500 1.7715000
77.2000 1.7720000
77.2500 1.7725000
77.3000 1.7730000
77.3500 1.7735000
77.4000 1.7740000
77.4500 1.7745000
77.5000 1.7750000
77.5500 1.7755000
77.6000 1.7760000
77.6500 1.7765000
77.7000 1.7770000
77.7500 1.7775000
77.8000 1.7780000
77.8500 1.7785000
77.9000 1.7790000
77.9500 1.7795000
78.0000 1.7800000
78.0500 1.7805000
78.1000 1.7810000
78.1500 1.7815000
78.2000 1.7820000
78.2500 1.7825000
78.3000 1.7830000
78.3500 1.7835000
78.4000 1.7840000
78.4500 1.7845000
78.5000 1.7850000
78.5500 1.7855000
78.6000 1.7860000
78.6500 1.7865000
78.7000 1.7870000
78.7500 1.7875000
78.8000 1.7880000
78.8500 1.7885000
78.9000 1.7890000
78.9500 1.7895000
79.0000 1.7900000
79.0500 1.7905000
79.1000 1.7910000
79.1500 1.7915000
79.2000 1.7920000
79.2500 1.7925000
79.3000 1.7930000
79.3500 1.7935000
79.4000 1.7940000
79.4500 1.7945000
79.5000 1.7950000
79.5500 1.7955000
79.6000 1.7960000
79.6500 1.7965000
79.7000 1.7970000
79.7500 1.7975000
79.8000 1.7980000
79.8500 1.7985000
79.9000 1.7990000
79.9500 1.7995000
80.0000 1.8000000
