# WP-4 synthetic control noise-only
10.0000 0.9739049
10.0500 1.0218973
10.1000 1.0437590
10.1500 1.0351937
10.2000 0.9755843
10.2500 1.0451990
10.3000 1.0756834
10.3500 0.9752552
10.4000 1.0767449
10.4500 0.9953369
10.5000 1.0096430
10.5500 1.0305415
10.6000 0.9620898
10.6500 1.0149046
10.7000 1.0174213
10.7500 0.9864889
10.8000 0.9565804
10.8500 1.0566881
10.9000 1.0439996
10.9500 0.9519241
11.0000 1.0686146
11.0500 0.9695827
11.1000 0.9289543
11.1500 0.9667606
11.2000 0.9785584
11.2500 0.9988742
11.3000 1.0572675
11.3500 1.0096578
11.4000 0.9767221
11.4500 0.9945276
11.5000 1.0085531
11.5500 1.0101538
11.6000 0.9788765
11.6500 0.9949230
11.7000 0.9894276
11.7500 1.0362196
11.8000 1.0128193
11.8500 0.9534566
11.9000 0.9643658
11.9500 1.0010072
12.0000 1.0675435
12.0500 1.0358057
12.1000 1.0403669
12.1500 1.0373032
12.2000 0.9879136
12.2500 1.0338177
12.3000 0.9505435
12.3500 1.1015176
12.4000 1.0204445
12.4500 0.9498216
12.5000 1.0201215
12.5500 0.9059223
12.6000 0.9387524
12.6500 1.0181035
12.7000 1.0155724
12.7500 1.0404037
12.8000 1.0023429
12.8500 0.9806931
12.9000 1.0139558
12.9500 0.9524588
13.0000 1.0167653
13.0500 1.0508822
13.1000 0.9604033
13.1500 0.9858985
13.2000 0.9750067
13.2500 0.9573183
13.3000 0.9526867
13.3500 1.0293520
13.4000 0.9677692
13.4500 0.9578132
13.5000 0.9541777
13.5500 1.0126415
13.6000 0.9563945
13.6500 0.9612115
13.7000 1.0215123
13.7500 1.0293029
13.8000 1.0154251
13.8500 0.9502167
13.9000 1.0368586
13.9500 0.9605363
14.0000 1.0743895
14.0500 1.0655495
14.1000 1.0034001
14.1500 1.0327663
14.2000 1.0127581
14.2500 0.9506918
14.3000 1.0232341
14.3500 1.0148184
14.4000 0.9388287
14.4500 0.9696602
14.5000 0.9392605
14.5500 1.1022275
14.6000 0.9368569
14.6500 0.9896096
14.7000 1.0213693
14.7500 1.0656497
14.8000 1.0170638
14.8500 0.9544121
14.9000 1.0792125
14.9500 1.0155609
15.0000 0.9923410
15.0500 0.9535651
15.1000 0.9990704
15.1500 1.0071541
15.2000 0.9971566
15.2500 0.9751257
15.3000 0.9664809
15.3500 1.0403236
15.4000 1.0221205
15.4500 1.0259087
15.5000 1.0337876
15.5500 1.0087160
15.6000 1.0119031
15.6500 1.0067384
15.7000 0.8891497
15.7500 0.9254480
15.8000 0.9264622
15.8500 1.0358614
15.9000 0.9621708
15.9500 0.9871801
16.0000 0.9930690
16.0500 0.9716234
16.1000 1.0595896
16.1500 1.0030738
16.2000 0.9914962
16.2500 1.0315787
16.3000 1.0154995
16.3500 0.9863970
16.4000 0.9306194
16.4500 1.0022343
16.5000 1.0627551
16.5500 0.9692140
16.6000 0.9837424
16.6500 1.0273483
16.7000 1.0231219
16.7500 1.0316841
16.8000 0.9622948
16.8500 1.0005681
16.9000 1.0159944
16.9500 1.0048294
17.0000 1.0755637
17.0500 1.0235149
17.1000 1.0373908
17.1500 0.9987762
17.2000 1.0135640
17.2500 1.0096299
17.3000 0.9488371
17.3500 1.0084759
17.4000 0.9551948
17.4500 0.9729258
17.5000 0.9955728
17.5500 1.0034519
17.6000 0.9571306
17.6500 1.0097909
17.7000 1.0473716
17.7500 0.9880271
17.8000 1.0010602
17.8500 1.0201043
17.9000 0.9549824
17.9500 0.9587851
18.0000 0.9386236
18.0500 0.8604375
18.1000 1.0005749
18.1500 1.0500894
18.2000 1.0252842
18.2500 0.9887257
18.3000 0.9990727
18.3500 1.0196812
18.4000 1.0084628
18.4500 0.9980046
18.5000 1.0243083
18.5500 0.9707782
18.6000 1.0569671
18.6500 0.9558377
18.7000 0.8754941
18.7500 1.0503671
18.8000 0.9720993
18.8500 1.0236129
18.9000 1.0196278
18.9500 0.9660370
19.0000 1.0297403
19.0500 1.0830552
19.1000 0.9371381
19.1500 1.0216904
19.2000 0.9910407
19.2500 0.9862357
19.3000 1.0667899
19.3500 0.9878716
19.4000 0.9312745
19.4500 1.0517168
19.5000 1.0185642
19.5500 0.9547670
19.6000 1.0635007
19.6500 0.9729609
19.7000 1.0126226
19.7500 0.9843886
19.8000 1.0564369
19.8500 0.9246982
19.9000 0.9778007
19.9500 1.0254254
20.0000 0.9807994
20.0500 0.9081629
20.1000 0.9676387
20.1500 0.9827260
20.2000 0.9639336
20.2500 1.0684745
20.3000 1.0520713
20.3500 0.9910087
20.4000 1.0036917
20.4500 0.9511567
20.5000 1.0177086
20.5500 0.9547673
20.6000 0.9845012
20.6500 0.9993181
20.7000 1.0188928
20.7500 0.9654143
20.8000 1.0405498
20.8500 0.9757305
20.9000 0.9803343
20.9500 0.9847769
21.0000 1.0509506
21.0500 1.0525714
21.1000 0.9874887
21.1500 0.9671002
21.2000 1.0157062
21.2500 1.0285864
21.3000 0.9728079
21.3500 0.9846569
21.4000 1.0390538
21.4500 1.0287470
21.5000 1.0585224
21.5500 1.0399228
21.6000 0.9615990
21.6500 0.9983879
21.7000 0.9722521
21.7500 1.0167486
21.8000 0.9115973
21.8500 1.0344786
21.9000 1.0495744
21.9500 0.9680554
22.0000 0.9952320
22.0500 0.9785216
22.1000 0.9638365
22.1500 0.9735981
22.2000 1.0237350
22.2500 1.1064532
22.3000 0.9829062
22.3500 1.1041564
22.4000 0.9358979
22.4500 0.9755661
22.5000 1.0109282
22.5500 1.0089111
22.6000 1.0390049
22.6500 1.0689279
22.7000 1.0618921
22.7500 1.0002181
22.8000 0.9983673
22.8500 1.0243046
22.9000 1.0774726
22.9500 0.9238251
23.0000 0.9800016
23.0500 1.0873193
23.1000 0.9879788
23.1500 0.9261975
23.2000 0.9891719
23.2500 0.9821460
23.3000 0.9887892
23.3500 1.0320873
23.4000 1.0010147
23.4500 1.0063213
23.5000 0.9980218
23.5500 0.9534121
23.6000 1.0663018
23.6500 0.9464693
23.7000 0.9549280
23.7500 1.0268318
23.8000 0.9119329
23.8500 0.9929872
23.9000 0.9980500
23.9500 0.9605186
24.0000 0.9955781
24.0500 1.0097443
24.1000 1.0182540
24.1500 0.9744726
24.2000 0.9351253
24.2500 0.9834071
24.3000 1.0219904
24.3500 1.0531023
24.4000 1.0271534
24.4500 0.9674247
24.5000 0.9744268
24.5500 0.9605392
24.6000 1.0164094
24.6500 1.0562866
24.7000 0.9692597
24.7500 0.9996808
24.8000 0.9627645
24.8500 0.9743190
24.9000 1.0439163
24.9500 0.9902590
25.0000 1.0338152
25.0500 0.9760052
25.1000 0.9597080
25.1500 1.0632292
25.2000 0.9322432
25.2500 0.9819550
25.3000 0.9328777
25.3500 0.9833733
25.4000 0.9491886
25.4500 0.9774048
25.5000 0.9780700
25.5500 1.0116479
25.6000 0.9718487
25.6500 0.9790659
25.7000 0.9703316
25.7500 0.9875870
25.8000 0.9326065
25.8500 0.9473846
25.9000 0.9807699
25.9500 0.9861292
26.0000 1.0603337
26.0500 0.9520800
26.1000 1.0297269
26.1500 0.9269754
26.2000 0.9873886
26.2500 1.0444800
26.3000 0.9729476
26.3500 1.0059194
26.4000 1.0216966
26.4500 1.0809674
26.5000 1.0140525
26.5500 1.0170776
26.6000 0.9968051
26.6500 1.0039040
26.7000 0.9920868
26.7500 0.9976151
26.8000 0.9807712
26.8500 0.9970845
26.9000 1.0592760
26.9500 0.9702963
27.0000 1.0003461
27.0500 1.0268088
27.1000 1.0478518
27.1500 1.0194163
27.2000 0.9991557
27.2500 0.9403973
27.3000 1.0199585
27.3500 1.0193305
27.4000 1.0320594
27.4500 0.9417399
27.5000 0.9766881
27.5500 0.9935844
27.6000 1.0408970
27.6500 1.0003650
27.7000 1.0151181
27.7500 1.0067061
27.8000 0.9022124
27.8500 1.0445749
27.9000 1.0434721
27.9500 1.0275077
28.0000 1.0054756
28.0500 0.9831606
28.1000 1.0326658
28.1500 0.9823555
28.2000 0.9708792
28.2500 0.9794979
28.3000 1.0101860
28.3500 1.0322568
28.4000 0.9926055
28.4500 1.0160523
28.5000 1.0304128
28.5500 1.0776285
28.6000 1.0515137
28.6500 0.9908435
28.7000 1.0596634
28.7500 1.0746524
28.8000 1.0028594
28.8500 0.9760816
28.9000 1.0392996
28.9500 1.0246873
29.0000 0.9507813
29.0500 1.0146897
29.1000 1.0171129
29.1500 1.0527758
29.2000 0.9871940
29.2500 1.0308615
29.3000 1.0067599
29.3500 1.0429687
29.4000 0.9865784
29.4500 0.9811061
29.5000 1.0153261
29.5500 0.9981524
29.6000 1.0143845
29.6500 1.0054994
29.7000 0.9605210
29.7500 0.9799222
29.8000 0.9712931
29.8500 0.9522409
29.9000 1.0415541
29.9500 0.9517404
30.0000 0.9380781
30.0500 0.9624843
30.1000 1.0580498
30.1500 0.9903407
30.2000 0.9612833
30.2500 1.0363300
30.3000 1.0336504
30.3500 0.9396997
30.4000 1.0147982
30.4500 0.9511851
30.5000 0.9858924
30.5500 1.0067524
30.6000 0.9816501
30.6500 1.0001223
30.7000 0.9552740
30.7500 1.0370090
30.8000 1.0120606
30.8500 0.9275979
30.9000 1.0439555
30.9500 0.9861312
31.0000 0.9980742
31.0500 0.9478630
31.1000 0.9705246
31.1500 1.0560220
31.2000 0.9548961
31.2500 0.9722277
31.3000 0.9468145
31.3500 0.9728403
31.4000 0.9646489
31.4500 0.9271400
31.5000 0.9670384
31.5500 0.9497028
31.6000 1.0342801
31.6500 1.0659730
31.7000 1.0347139
31.7500 0.9858991
31.8000 0.9558246
31.8500 1.0197969
31.9000 1.0081486
31.9500 0.9850198
32.0000 1.0435168
32.0500 1.0129335
32.1000 1.0172589
32.1500 1.0424398
32.2000 0.9575184
32.2500 1.0230326
32.3000 0.9923836
32.3500 1.0054382
32.4000 1.0370998
32.4500 0.9301482
32.5000 0.9351856
32.5500 1.0728695
32.6000 1.0148810
32.6500 1.0085614
32.7000 0.9728936
32.7500 1.0443359
32.8000 0.9225941
32.8500 1.0305938
32.9000 0.9475061
32.9500 1.0385902
33.0000 0.9808522
33.0500 1.0163728
33.1000 1.0246795
33.1500 0.9500520
33.2000 0.9804802
33.2500 0.9653465
33.3000 0.9773885
33.3500 0.9643372
33.4000 0.9628867
33.4500 1.1109293
33.5000 0.9780629
33.5500 0.9445031
33.6000 0.9870858
33.6500 1.0413313
33.7000 1.0048176
33.7500 0.9873312
33.8000 1.0090280
33.8500 0.9879525
33.9000 0.9436989
33.9500 0.9685680
34.0000 0.9498575
34.0500 1.0867725
34.1000 0.9198237
34.1500 0.9890208
34.2000 0.9998429
34.2500 1.0297691
34.3000 0.9473801
34.3500 1.0323896
34.4000 1.0405669
34.4500 0.9924801
34.5000 1.0449450
34.5500 0.9907636
34.6000 1.0710223
34.6500 0.9352276
34.7000 0.9917091
34.7500 0.9883101
34.8000 0.9923164
34.8500 1.0717912
34.9000 0.9533369
34.9500 1.0505556
35.0000 1.0396631
35.0500 1.0293452
35.1000 1.0162687
35.1500 1.0311985
35.2000 0.9810764
35.2500 1.0195227
35.3000 0.9831517
35.3500 0.9500109
35.4000 1.0497532
35.4500 1.0430016
35.5000 0.9527444
35.5500 0.9691366
35.6000 1.0075628
35.6500 0.9933071
35.7000 1.0172588
35.7500 0.9643277
35.8000 0.9864841
35.8500 0.9562375
35.9000 0.9937837
35.9500 1.0620178
36.0000 1.0328291
36.0500 0.9282585
36.1000 0.9929986
36.1500 1.0376046
36.2000 0.9773064
36.2500 1.0054902
36.3000 0.9495724
36.3500 1.0256217
36.4000 0.9983099
36.4500 0.9885839
36.5000 1.0342790
36.5500 1.0643514
36.6000 0.9766320
36.6500 0.9867457
36.7000 1.0090724
36.7500 1.0481977
36.8000 1.0236652
36.8500 0.9696440
36.9000 1.0405432
36.9500 1.0254723
37.0000 0.9798291
37.0500 1.0497423
37.1000 1.0196180
37.1500 1.0099826
37.2000 0.9797819
37.2500 0.9947999
37.3000 1.0630052
37.3500 0.8899784
37.4000 0.9614474
37.4500 0.9419242
37.5000 1.0437775
37.5500 0.9762375
37.6000 0.9792117
37.6500 1.0168436
37.7000 0.9969932
37.7500 1.0299280
37.8000 1.0080941
37.8500 0.9647716
37.9000 1.0016847
37.9500 0.9948035
38.0000 0.9945188
38.0500 0.9686252
38.1000 1.0366015
38.1500 1.0168717
38.2000 0.9328892
38.2500 1.0365809
38.3000 0.9709989
38.3500 0.9869898
38.4000 1.0440400
38.4500 0.9772885
38.5000 0.9932240
38.5500 0.9948734
38.6000 0.9966331
38.6500 0.9903054
38.7000 1.0062207
38.7500 1.0034445
38.8000 1.0152088
38.8500 1.0209030
38.9000 1.0352490
38.9500 1.0647644
39.0000 0.9962154
39.0500 0.9797269
39.1000 0.9966292
39.1500 0.9389888
39.2000 0.9835352
39.2500 0.9291546
39.3000 0.9780409
39.3500 1.0686460
39.4000 1.0293022
39.4500 0.9574190
39.5000 0.9847226
39.5500 1.0090347
39.6000 1.0490177
39.6500 0.9333144
39.7000 0.9822919
39.7500 1.0104197
39.8000 0.9610581
39.8500 0.9790462
39.9000 0.9502464
39.9500 1.0178033
40.0000 0.9740246
40.0500 1.0291824
40.1000 1.0289792
40.1500 0.9746235
40.2000 0.9789508
40.2500 0.9953662
40.3000 0.9719102
40.3500 0.9663285
40.4000 1.0242372
40.4500 0.9872749
40.5000 0.9736478
40.5500 0.9901504
40.6000 0.9695471
40.6500 1.0163744
40.7000 1.0053985
40.7500 1.0022742
40.8000 0.9783282
40.8500 0.9765498
40.9000 1.0576077
40.9500 1.0185048
41.0000 0.9701862
41.0500 0.9928999
41.1000 1.0092658
41.1500 0.9868359
41.2000 1.0610761
41.2500 0.9675409
41.3000 0.9226696
41.3500 1.0092388
41.4000 1.0090929
41.4500 1.0012477
41.5000 0.9759273
41.5500 1.0084257
41.6000 1.0081113
41.6500 1.0690758
41.7000 1.0311906
41.7500 1.0380033
41.8000 1.0138469
41.8500 0.9422997
41.9000 1.0413691
41.9500 1.0044535
42.0000 1.0113717
42.0500 0.9782203
42.1000 1.0262357
42.1500 0.9725408
42.2000 0.9401769
42.2500 1.0158562
42.3000 1.0387003
42.3500 0.9586561
42.4000 0.9713068
42.4500 1.0114220
42.5000 0.9501153
42.5500 0.9525552
42.6000 0.9881821
42.6500 1.1163243
42.7000 0.9968577
42.7500 0.9620263
42.8000 1.0580266
42.8500 1.0809425
42.9000 0.9735189
42.9500 1.0084384
43.0000 0.9923955
43.0500 1.0375878
43.1000 0.9688550
43.1500 1.0058617
43.2000 1.0003009
43.2500 0.9545576
43.3000 0.9600024
43.3500 1.0295919
43.4000 0.9708382
43.4500 0.9944499
43.5000 0.9870096
43.5500 1.0063402
43.6000 0.9661346
43.6500 0.9827216
43.7000 0.9862109
43.7500 0.9540980
43.8000 1.0316887
43.8500 0.9471454
43.9000 0.9020496
43.9500 0.9494305
44.0000 1.0115001
44.0500 0.9723159
44.1000 1.0058970
44.1500 0.9680105
44.2000 0.9910086
44.2500 0.9540539
44.3000 0.9935202
44.3500 0.9132796
44.4000 0.9870474
44.4500 0.9497832
44.5000 0.9526790
44.5500 1.0014458
44.6000 1.0787749
44.6500 0.9302008
44.7000 1.0083583
44.7500 0.9631742
44.8000 0.9211850
44.8500 0.9911561
44.9000 0.9539907
44.9500 0.9866305
45.0000 1.0070325
45.0500 0.9682179
45.1000 0.9572568
45.1500 0.9654010
45.2000 0.9907830
45.2500 1.0384499
45.3000 1.0476807
45.3500 1.0546738
45.4000 1.0159802
45.4500 0.9418963
45.5000 1.0200877
45.5500 1.0165669
45.6000 1.0002116
45.6500 1.0482945
45.7000 0.9873162
45.7500 0.9876850
45.8000 1.0493767
45.8500 0.9458354
45.9000 0.9790476
45.9500 1.0084616
46.0000 1.0060626
46.0500 1.0236545
46.1000 1.0033621
46.1500 0.9628574
46.2000 0.9785388
46.2500 0.9530852
46.3000 0.9700238
46.3500 1.0657300
46.4000 0.9839847
46.4500 1.0904680
46.5000 0.9811712
46.5500 0.9632597
46.6000 1.0948209
46.6500 1.0238592
46.7000 1.0281774
46.7500 0.9108021
46.8000 1.0128147
46.8500 1.0575420
46.9000 1.0204842
46.9500 1.0017328
47.0000 0.9778165
47.0500 1.0011765
47.1000 0.9609950
47.1500 1.0258219
47.2000 0.9511422
47.2500 1.0171687
47.3000 0.9532581
47.3500 0.9899016
47.4000 1.0353557
47.4500 0.9970240
47.5000 0.9761082
47.5500 0.9830120
47.6000 1.0109347
47.6500 0.9053783
47.7000 0.9750181
47.7500 0.9424124
47.8000 1.0226627
47.8500 1.0071224
47.9000 0.9676885
47.9500 0.9083575
48.0000 1.0386935
48.0500 1.0329614
48.1000 1.0533964
48.1500 0.9936286
48.2000 0.9497919
48.2500 1.0251953
48.3000 0.9984008
48.3500 0.9250224
48.4000 0.9882271
48.4500 1.0357716
48.5000 0.9325767
48.5500 1.0402628
48.6000 1.0483938
48.6500 1.0131144
48.7000 0.9844025
48.7500 0.9758924
48.8000 1.0305831
48.8500 0.9556057
48.9000 1.0117784
48.9500 0.9910313
49.0000 1.0014726
49.0500 0.9188143
49.1000 1.0263643
49.1500 1.0056268
49.2000 1.0352542
49.2500 0.9713901
49.3000 0.9558642
49.3500 0.9680651
49.4000 1.0838354
49.4500 0.9161269
49.5000 1.0133046
49.5500 0.9978944
49.6000 0.9879408
49.6500 0.9714081
49.7000 1.0477311
49.7500 0.9611721
49.8000 0.9690374
49.8500 0.9218595
49.9000 1.0264737
49.9500 0.9978948
50.0000 1.0622553
50.0500 1.0054110
50.1000 1.0207722
50.1500 0.9460363
50.2000 0.9176143
50.2500 0.9999933
50.3000 1.0674466
50.3500 0.9845813
50.4000 0.9720292
50.4500 0.9447238
50.5000 0.9643203
50.5500 1.0133934
50.6000 1.0720454
50.6500 1.0323861
50.7000 0.9625886
50.7500 1.0106001
50.8000 0.9181220
50.8500 0.9860748
50.9000 1.0057680
50.9500 0.9979213
51.0000 1.0344978
51.0500 0.9665663
51.1000 1.0349781
51.1500 1.0013789
51.2000 1.0168418
51.2500 0.9614166
51.3000 1.1004846
51.3500 0.9950663
51.4000 1.0076545
51.4500 1.0086971
51.5000 1.0057255
51.5500 1.0270377
51.6000 1.0690172
51.6500 1.0022089
51.7000 1.0016434
51.7500 1.0759018
51.8000 0.9879026
51.8500 1.0618258
51.9000 0.9972513
51.9500 1.0877215
52.0000 0.9809907
52.0500 1.0009326
52.1000 0.9961161
52.1500 0.9341365
52.2000 0.9991783
52.2500 1.0165181
52.3000 1.0286417
52.3500 0.9501182
52.4000 0.9714858
52.4500 1.0216683
52.5000 0.9951765
52.5500 1.0367492
52.6000 0.9831677
52.6500 0.9269368
52.7000 0.9553858
52.7500 1.0031416
52.8000 1.0681580
52.8500 1.0117277
52.9000 0.9499623
52.9500 0.9365721
53.0000 0.9512223
53.0500 0.9174430
53.1000 0.9712765
53.1500 0.9871205
53.2000 1.0577526
53.2500 1.0737924
53.3000 1.0392434
53.3500 0.9595506
53.4000 1.0141776
53.4500 0.8934084
53.5000 0.9734517
53.5500 0.9574841
53.6000 1.0631801
53.6500 1.0345929
53.7000 0.9768580
53.7500 1.0310170
53.8000 0.9667951
53.8500 0.9794380
53.9000 1.0174893
53.9500 1.0044998
54.0000 1.0435528
54.0500 1.0501781
54.1000 1.0059326
54.1500 1.0202633
54.2000 0.9675688
54.2500 1.0162282
54.3000 0.9704918
54.3500 1.0724090
54.4000 1.0069343
54.4500 1.0072280
54.5000 1.0233334
54.5500 1.0591235
54.6000 1.0119392
54.6500 1.0089616
54.7000 1.0621721
54.7500 0.9532578
54.8000 1.0564773
54.8500 1.0019185
54.9000 1.0278641
54.9500 0.9644410
55.0000 0.9092760
55.0500 0.9667051
55.1000 0.9738330
55.1500 0.9842266
55.2000 1.0387954
55.2500 0.9974170
55.3000 0.9823916
55.3500 1.0613289
55.4000 0.9601577
55.4500 1.0198437
55.5000 1.0025248
55.5500 0.9844174
55.6000 1.0584144
55.6500 0.9940587
55.7000 0.9384932
55.7500 0.9898543
55.8000 1.0589106
55.8500 0.9840386
55.9000 1.0185618
55.9500 0.9977226
56.0000 1.0313672
56.0500 1.0192199
56.1000 1.0232824
56.1500 1.1039278
56.2000 0.9661370
56.2500 1.0114918
56.3000 1.0948659
56.3500 1.0257130
56.4000 1.0740302
56.4500 1.0273023
56.5000 0.9795754
56.5500 0.9494467
56.6000 0.9805277
56.6500 1.0597019
56.7000 1.0266381
56.7500 0.9807283
56.8000 1.0198506
56.8500 1.0375213
56.9000 0.9743961
56.9500 0.9688001
57.0000 1.0347797
57.0500 1.0159817
57.1000 0.9375447
57.1500 0.9772085
57.2000 0.9841253
57.2500 0.9603839
57.3000 0.9738971
57.3500 1.0340754
57.4000 1.0667720
57.4500 1.0217383
57.5000 1.0172137
57.5500 0.9878223
57.6000 1.0446423
57.6500 1.0161317
57.7000 0.8810115
57.7500 1.1027329
57.8000 1.0029283
57.8500 1.0400253
57.9000 1.0375477
57.9500 1.1079756
58.0000 0.8815100
58.0500 1.0118696
58.1000 0.9529937
58.1500 0.9932476
58.2000 1.0072938
58.2500 1.0126858
58.3000 1.0447018
58.3500 1.0304456
58.4000 0.9997626
58.4500 1.0380380
58.5000 1.0629701
58.5500 0.9845307
58.6000 0.9806303
58.6500 1.0374682
58.7000 0.9156190
58.7500 0.9904354
58.8000 0.9559212
58.8500 1.0249772
58.9000 1.0122370
58.9500 1.0567005
59.0000 1.0170654
59.0500 0.9985634
59.1000 1.0381553
59.1500 0.9972983
59.2000 0.9742042
59.2500 1.0283587
59.3000 0.9614848
59.3500 0.9623973
59.4000 1.0364073
59.4500 1.0579522
59.5000 0.9710973
59.5500 0.9590465
59.6000 1.0270431
59.6500 0.9974557
59.7000 1.0553617
59.7500 1.0022506
59.8000 0.9597324
59.8500 1.0048763
59.9000 1.0320638
59.9500 1.0217673
60.0000 0.9827398
60.0500 1.0093744
60.1000 1.0193051
60.1500 0.9805290
60.2000 0.9706515
60.2500 1.0123158
60.3000 0.9815268
60.3500 0.9432542
60.4000 1.0286641
60.4500 0.9753903
60.5000 0.9388642
60.5500 0.9918310
60.6000 1.0387031
60.6500 0.9843304
60.7000 0.9903746
60.7500 1.0097798
60.8000 1.0054410
60.8500 1.0076976
60.9000 0.9966420
60.9500 1.0230912
61.0000 0.9753845
61.0500 1.0142097
61.1000 1.0184758
61.1500 0.9930324
61.2000 0.9471978
61.2500 1.0319608
61.3000 1.0153510
61.3500 0.9752847
61.4000 1.0124118
61.4500 0.9838996
61.5000 0.9446757
61.5500 1.0238062
61.6000 1.0034673
61.6500 0.9698427
61.7000 1.0424292
61.7500 0.9707850
61.8000 1.0215841
61.8500 0.9713855
61.9000 0.9822803
61.9500 0.9316228
62.0000 1.0009370
62.0500 0.9846435
62.1000 1.0715726
62.1500 1.0102908
62.2000 0.9919571
62.2500 1.0305187
62.3000 1.0071555
62.3500 0.9969519
62.4000 1.0130938
62.4500 0.9768248
62.5000 0.9806788
62.5500 1.0026460
62.6000 0.9669686
62.6500 0.9716528
62.7000 0.9883650
62.7500 0.9483289
62.8000 0.9605475
62.8500 1.0702513
62.9000 1.0021052
62.9500 0.9348824
63.0000 1.0198187
63.0500 1.0012401
63.1000 1.0271418
63.1500 1.0004049
63.2000 1.0338743
63.2500 0.9904522
63.3000 1.1405488
63.3500 0.9677789
63.4000 0.9850148
63.4500 0.9766714
63.5000 0.9686368
63.5500 1.0203237
63.6000 1.0482105
63.6500 1.0037006
63.7000 0.9806903
63.7500 1.0083594
63.8000 1.0658053
63.8500 0.9266595
63.9000 0.9926147
63.9500 1.0049056
64.0000 0.9828216
64.0500 1.0298742
64.1000 1.0105514
64.1500 0.9448886
64.2000 0.9906585
64.2500 0.9741267
64.3000 1.0026251
64.3500 1.0016728
64.4000 0.9927289
64.4500 1.0312400
64.5000 0.9841254
64.5500 1.0219632
64.6000 0.9938475
64.6500 0.9541605
64.7000 0.9985319
64.7500 0.9550630
64.8000 0.9652321
64.8500 1.0258033
64.9000 0.9932192
64.9500 1.0234690
65.0000 1.0292720
65.0500 0.9978684
65.1000 0.9816599
65.1500 1.0086010
65.2000 0.9752677
65.2500 1.0154665
65.3000 0.9673549
65.3500 1.0098423
65.4000 1.0994968
65.4500 0.9912461
65.5000 0.9464129
65.5500 1.0674474
65.6000 1.0587316
65.6500 0.9565849
65.7000 1.0566051
65.7500 1.0223144
65.8000 0.9528247
65.8500 1.0193631
65.9000 1.0550920
65.9500 1.0082946
66.0000 0.9461703
66.0500 0.9780962
66.1000 1.0686475
66.1500 1.0150166
66.2000 1.0160385
66.2500 0.9609750
66.3000 1.0031425
66.3500 1.0782104
66.4000 1.0424858
66.4500 1.0291776
66.5000 1.0385224
66.5500 1.0346436
66.6000 1.0931157
66.6500 1.0573001
66.7000 1.0786736
66.7500 1.0094885
66.8000 0.9912561
66.8500 0.9685212
66.9000 0.9575666
66.9500 1.0030819
67.0000 1.0677312
67.0500 0.9585254
67.1000 0.9506217
67.1500 1.0240806
67.2000 0.9993307
67.2500 0.9722900
67.3000 0.9635382
67.3500 1.0586962
67.4000 0.9771781
67.4500 1.0082234
67.5000 0.9538969
67.5500 1.0128437
67.6000 0.9922333
67.6500 1.0393794
67.7000 0.9739868
67.7500 1.0346277
67.8000 0.9057859
67.8500 1.0001452
67.9000 0.9861243
67.9500 0.9543576
68.0000 0.9932782
68.0500 0.9964202
68.1000 0.9824766
68.1500 0.9906162
68.2000 0.9037610
68.2500 0.9962490
68.3000 0.9997119
68.3500 0.9753270
68.4000 0.9870608
68.4500 0.9959131
68.5000 0.9517403
68.5500 0.9188846
68.6000 1.0231207
68.6500 0.9687218
68.7000 0.9921687
68.7500 1.0774637
68.8000 1.0060754
68.8500 1.0198039
68.9000 1.0435126
68.9500 0.9476363
69.0000 0.9723659
69.0500 1.0000202
69.1000 0.9606960
69.1500 0.9346706
69.2000 1.0659111
69.2500 1.0148654
69.3000 1.0244091
69.3500 0.9599667
69.4000 0.9571752
69.4500 1.0476486
69.5000 0.9560743
69.5500 0.9560245
69.6000 0.9837755
69.6500 0.9854626
69.7000 1.0290083
69.7500 1.0331931
69.8000 1.0470803
69.8500 0.9990115
69.9000 0.9519629
69.9500 1.0457241
70.0000 0.9794102
70.0500 1.0246944
70.1000 1.0704899
70.1500 0.9902028
70.2000 0.9844396
70.2500 1.0498604
70.3000 1.0952907
70.3500 0.9792059
70.4000 0.9990559
70.4500 1.0207332
70.5000 0.9767298
70.5500 0.9891082
70.6000 1.0781750
70.6500 0.9489052
70.7000 0.9930836
70.7500 1.0420417
70.8000 1.0145307
70.8500 0.9864658
70.9000 0.9743073
70.9500 1.0178091
71.0000 0.9970033
71.0500 1.0741985
71.1000 1.0179815
71.1500 1.0806323
71.2000 0.9857631
71.2500 0.9390711
71.3000 0.9993265
71.3500 0.9650072
71.4000 1.0567905
71.4500 0.9934579
71.5000 0.9860018
71.5500 1.0646849
71.6000 1.0161645
71.6500 1.0002149
71.7000 0.9735448
71.7500 0.9945492
71.8000 0.9621564
71.8500 0.9899885
71.9000 1.0387717
71.9500 1.0361800
72.0000 1.0380867
72.0500 1.0017685
72.1000 1.0751093
72.1500 1.0153204
72.2000 1.0227581
72.2500 1.0107979
72.3000 1.0545280
72.3500 0.9826598
72.4000 1.0940771
72.4500 0.9900368
72.5000 1.0143586
72.5500 1.0766398
72.6000 1.0914831
72.6500 1.0319756
72.7000 0.9762031
72.7500 1.0833214
72.8000 0.9285656
72.8500 1.0961216
72.9000 0.9967121
72.9500 1.0383795
73.0000 0.9872901
73.0500 1.0703639
73.1000 1.0241128
73.1500 1.0686775
73.2000 0.9647294
73.2500 1.0019360
73.3000 1.0097228
73.3500 0.9987037
73.4000 1.0181804
73.4500 0.9837203
73.5000 0.9826266
73.5500 0.9619675
73.6000 1.0068479
73.6500 1.0692842
73.7000 0.9558024
73.7500 1.0321737
73.8000 1.0015966
73.8500 0.9706627
73.9000 1.0337121
73.9500 1.0358804
74.0000 1.0633644
74.0500 1.0073786
74.1000 0.9319919
74.1500 0.9838667
74.2000 0.9503470
74.2500 1.0468559
74.3000 1.0371249
74.3500 1.0216653
74.4000 1.0812229
74.4500 1.0489834
74.5000 0.8938682
74.5500 0.9625684
74.6000 1.0023769
74.6500 1.0776684
74.7000 1.0384528
74.7500 0.9798350
74.8000 1.0211145
74.8500 1.0615749
74.9000 1.0199918
74.9500 1.0404218
75.0000 0.9671064
75.0500 1.0671398
75.1000 1.0179714
75.1500 0.9986700
75.2000 1.0137423
75.2500 0.9479668
75.3000 0.9671467
75.3500 0.9398513
75.4000 0.9720994
75.4500 0.9533268
75.5000 0.9959032
75.5500 0.9632884
75.6000 1.0525350
75.6500 1.0194869
75.7000 1.0586918
75.7500 1.0117567
75.8000 1.0384511
75.8500 1.0204107
75.9000 0.9708513
75.9500 0.9997746
76.0000 1.0528476
76.0500 0.9856039
76.1000 1.0119734
76.1500 1.0403115
76.2000 1.0061849
76.2500 1.0444844
76.3000 0.9760943
76.3500 0.9502556
76.4000 1.0602240
76.4500 0.9460202
76.5000 0.9889590
76.5500 1.0236509
76.6000 0.9982269
76.6500 0.9796563
76.7000 1.0111025
76.7500 1.0118107
76.8000 0.9577824
76.8500 1.0286411
76.9000 1.0085875
76.9500 0.9955947
77.0000 0.9506506
77.0500 1.0301009
77.1000 1.0550343
77.1500 0.9776784
77.2000 1.0025173
77.2500 1.0261971
77.3000 0.9956694
77.3500 0.9938002
77.4000 1.0216055
77.4500 1.0578298
77.5000 1.0566199
77.5500 0.9805371
77.6000 1.0209742
77.6500 1.0081632
77.7000 1.0916045
77.7500 1.0008658
77.8000 1.0133812
77.8500 1.0543206
77.9000 0.9604441
77.9500 1.0274959
78.0000 1.0069204
78.0500 1.0149799
78.1000 1.0150075
78.1500 0.9703791
78.2000 1.0012473
78.2500 0.9678106
78.3000 1.0152474
78.3500 0.9901506
78.4000 0.9802979
78.4500 1.0334098
78.5000 1.0089628
78.5500 1.0426722
78.6000 1.0013135
78.6500 1.0105363
78.7000 0.9876336
78.7500 0.9026554
78.8000 1.0581330
78.8500 0.9601618
78.9000 0.9294115
78.9500 0.9986768
79.0000 1.0404751
79.0500 1.0105682
79.1000 1.0576970
79.1500 0.9232379
79.2000 1.0315545
79.2500 0.9906546
79.3000 1.0118580
79.3500 1.0194813
79.4000 0.9849685
79.4500 0.9823429
79.5000 0.9907623
79.5500 0.9454189
79.6000 1.0343326
79.6500 0.9834067
79.7000 0.9111340
79.7500 1.0221433
79.8000 1.0169006
79.8500 1.0115327
79.9000 1.0324317
79.9500 0.9563669
80.0000 0.9765551
