# Synthetic validation scan generated from NIST SRM 640g manifest
# Not a certified measurement; use a physical SRM scan for uncertainty claims
10.0000 1.1000000
10.0500 1.1005000
10.1000 1.1010000
10.1500 1.1015000
10.2000 1.1020000
10.2500 1.1025000
10.3000 1.1030000
10.3500 1.1035000
10.4000 1.1040000
10.4500 1.1045000
10.5000 1.1050000
10.5500 1.1055000
10.6000 1.1060000
10.6500 1.1065000
10.7000 1.1070000
10.7500 1.1075000
10.8000 1.1080000
10.8500 1.1085000
10.9000 1.1090000
10.9500 1.1095000
11.0000 1.1100000
11.0500 1.1105000
11.1000 1.1110000
11.1500 1.1115000
11.2000 1.1120000
11.2500 1.1125000
11.3000 1.1130000
11.3500 1.1135000
11.4000 1.1140000
11.4500 1.1145000
11.5000 1.1150000
11.5500 1.1155000
11.6000 1.1160000
11.6500 1.1165000
11.7000 1.1170000
11.7500 1.1175000
11.8000 1.1180000
11.8500 1.1185000
11.9000 1.1190000
11.9500 1.1195000
12.0000 1.1200000
12.0500 1.1205000
12.1000 1.1210000
12.1500 1.1215000
12.2000 1.1220000
12.2500 1.1225000
12.3000 1.1230000
12.3500 1.1235000
12.4000 1.1240000
12.4500 1.1245000
12.5000 1.1250000
12.5500 1.1255000
12.6000 1.1260000
12.6500 1.1265000
12.7000 1.1270000
12.7500 1.1275000
12.8000 1.1280000
12.8500 1.1285000
12.9000 1.1290000
12.9500 1.1295000
13.0000 1.1300000
13.0500 1.1305000
13.1000 1.1310000
13.1500 1.1315000
13.2000 1.1320000
13.2500 1.1325000
13.3000 1.1330000
13.3500 1.1335000
13.4000 1.1340000
13.4500 1.1345000
13.5000 1.1350000
13.5500 1.1355000
13.6000 1.1360000
13.6500 1.1365000
13.7000 1.1370000
13.7500 1.1375000
13.8000 1.1380000
13.8500 1.1385000
13.9000 1.1390000
13.9500 1.1395000
14.0000 1.1400000
14.0500 1.1405000
14.1000 1.1410000
14.1500 1.1415000
14.2000 1.1420000
14.2500 1.1425000
14.3000 1.1430000
14.3500 1.1435000
14.4000 1.1440000
14.4500 1.1445000
14.5000 1.1450000
14.5500 1.1455000
14.6000 1.1460000
14.6500 1.1465000
14.7000 1.1470000
14.7500 1.1475000
14.8000 1.1480000
14.8500 1.1485000
14.9000 1.1490000
14.9500 1.1495000
15.0000 1.1500000
15.0500 1.1505000
15.1000 1.1510000
15.1500 1.1515000
15.2000 1.1520000
15.2500 1.1525000
15.3000 1.1530000
15.3500 1.1535000
15.4000 1.1540000
15.4500 1.1545000
15.5000 1.1550000
15.5500 1.1555000
15.6000 1.1560000
15.6500 1.1565000
15.7000 1.1570000
15.7500 1.1575000
15.8000 1.1580000
15.8500 1.1585000
15.9000 1.1590000
15.9500 1.1595000
16.0000 1.1600000
16.0500 1.1605000
16.1000 1.1610000
16.1500 1.1615000
16.2000 1.1620000
16.2500 1.1625000
16.3000 1.1630000
16.3500 1.1635000
16.4000 1.1640000
16.4500 1.1645000
16.5000 1.1650000
16.5500 1.1655000
16.6000 1.1660000
16.6500 1.1665000
16.7000 1.1670000
16.7500 1.1675000
16.8000 1.1680000
16.8500 1.1685000
16.9000 1.1690000
16.9500 1.1695000
17.0000 1.1700000
17.0500 1.1705000
17.1000 1.1710000
17.1500 1.1715000
17.2000 1.1720000
17.2500 1.1725000
17.3000 1.1730000
17.3500 1.1735000
17.4000 1.1740000
17.4500 1.1745000
17.5000 1.1750000
17.5500 1.1755000
17.6000 1.1760000
17.6500 1.1765000
17.7000 1.1770000
17.7500 1.1775000
17.8000 1.1780000
17.8500 1.1785000
17.9000 1.1790000
17.9500 1.1795000
18.0000 1.1800000
18.0500 1.1805000
18.1000 1.1810000
18.1500 1.1815000
18.2000 1.1820000
18.2500 1.1825000
18.3000 1.1830000
18.3500 1.1835000
18.4000 1.1840000
18.4500 1.1845000
18.5000 1.1850000
18.5500 1.1855000
18.6000 1.1860000
18.6500 1.1865000
18.7000 1.1870000
18.7500 1.1875000
18.8000 1.1880000
18.8500 1.1885000
18.9000 1.1890000
18.9500 1.1895000
19.0000 1.1900000
19.0500 1.1905000
19.1000 1.1910000
19.1500 1.1915000
19.2000 1.1920000
19.2500 1.1925000
19.3000 1.1930000
19.3500 1.1935000
19.4000 1.1940000
19.4500 1.1945000
19.5000 1.1950000
19.5500 1.1955000
19.6000 1.1960000
19.6500 1.1965000
19.7000 1.1970000
19.7500 1.1975000
19.8000 1.1980000
19.8500 1.1985000
19.9000 1.1990000
19.9500 1.1995000
20.0000 1.2000000
20.0500 1.2005000
20.1000 1.2010000
20.1500 1.2015000
20.2000 1.2020000
20.2500 1.2025000
20.3000 1.2030000
20.3500 1.2035000
20.4000 1.2040000
20.4500 1.2045000
20.5000 1.2050000
20.5500 1.2055000
20.6000 1.2060000
20.6500 1.2065000
20.7000 1.2070000
20.7500 1.2075000
20.8000 1.2080000
20.8500 1.2085000
20.9000 1.2090000
20.9500 1.2095000
21.0000 1.2100000
21.0500 1.2105000
21.1000 1.2110000
21.1500 1.2115000
21.2000 1.2120000
21.2500 1.2125000
21.3000 1.2130000
21.3500 1.2135000
21.4000 1.2140000
21.4500 1.2145000
21.5000 1.2150000
21.5500 1.2155000
21.6000 1.2160000
21.6500 1.2165000
21.7000 1.2170000
21.7500 1.2175000
21.8000 1.2180000
21.8500 1.2185000
21.9000 1.2190000
21.9500 1.2195000
22.0000 1.2200000
22.0500 1.2205000
22.1000 1.2210000
22.1500 1.2215000
22.2000 1.2220000
22.2500 1.2225000
22.3000 1.2230000
22.3500 1.2235000
22.4000 1.2240000
22.4500 1.2245000
22.5000 1.2250000
22.5500 1.2255000
22.6000 1.2260000
22.6500 1.2265000
22.7000 1.2270000
22.7500 1.2275000
22.8000 1.2280000
22.8500 1.2285000
22.9000 1.2290000
22.9500 1.2295000
23.0000 1.2300000
23.0500 1.2305000
23.1000 1.2310000
23.1500 1.2315000
23.2000 1.2320000
23.2500 1.2325000
23.3000 1.2330000
23.3500 1.2335000
23.4000 1.2340000
23.4500 1.2345000
23.5000 1.2350000
23.5500 1.2355000
23.6000 1.2360000
23.6500 1.2365000
23.7000 1.2370000
23.7500 1.2375000
23.8000 1.2380000
23.8500 1.2385000
23.9000 1.2390000
23.9500 1.2395000
24.0000 1.2400000
24.0500 1.2405000
24.1000 1.2410000
24.1500 1.2415000
24.2000 1.2420000
24.2500 1.2425000
24.3000 1.2430000
24.3500 1.2435000
24.4000 1.2440000
24.4500 1.2445000
24.5000 1.2450000
24.5500 1.2455000
24.6000 1.2460000
24.6500 1.2465000
24.7000 1.2470000
24.7500 1.2475000
24.8000 1.2480000
24.8500 1.2485000
24.9000 1.2490000
24.9500 1.2495000
25.0000 1.2500000
25.0500 1.2505000
25.1000 1.2510000
25.1500 1.2515000
25.2000 1.2520000
25.2500 1.2525000
25.3000 1.2530000
25.3500 1.2535000
25.4000 1.2540000
25.4500 1.2545000
25.5000 1.2550000
25.5500 1.2555000
25.6000 1.2560000
25.6500 1.2565000
25.7000 1.2570000
25.7500 1.2575000
25.8000 1.2580000
25.8500 1.2585000
25.9000 1.2590000
25.9500 1.2595000
26.0000 1.2600000
26.0500 1.2605000
26.1000 1.2610000
26.1500 1.2615000
26.2000 1.2620000
26.2500 1.2625000
26.3000 1.2630000
26.3500 1.2635000
26.4000 1.2640000
26.4500 1.2645000
26.5000 1.2650000
26.5500 1.2655000
26.6000 1.2660000
26.6500 1.2665000
26.7000 1.2670000
26.7500 1.2675000
26.8000 1.2680000
26.8500 1.2685000
26.9000 1.2690000
26.9500 1.2695000
27.0000 1.2700000
27.0500 1.2705000
27.1000 1.2710000
27.1500 1.2715000
27.2000 1.2720000
27.2500 1.2725000
27.3000 1.2730000
27.3500 1.2735000
27.4000 1.2740000
27.4500 1.2745000
27.5000 1.2750000
27.5500 1.2755000
27.6000 1.2760000
27.6500 1.2765000
27.7000 1.2770000
27.7500 1.2775000
27.8000 1.2780000
27.8500 1.2785000
27.9000 1.2790000
27.9500 1.2795013
28.0000 1.2800274
28.0500 1.2809323
28.1000 1.2861651
28.1500 1.3282494
28.2000 1.6025078
28.2500 2.9469221
28.3000 7.8301307
28.3500 20.7909806
28.4000 45.3104836
28.4500 76.5488749
28.5000 98.7452592
28.5500 96.8789882
28.6000 72.3078042
28.6500 41.2549895
28.7000 18.3245214
28.7500 6.7887038
28.8000 2.6334628
28.8500 1.5377575
28.9000 1.3239774
28.9500 1.2932178
29.0000 1.2902993
29.0500 1.2905183
29.1000 1.2910008
29.1500 1.2915000
29.2000 1.2920000
29.2500 1.2925000
29.3000 1.2930000
29.3500 1.2935000
29.4000 1.2940000
29.4500 1.2945000
29.5000 1.2950000
29.5500 1.2955000
29.6000 1.2960000
29.6500 1.2965000
29.7000 1.2970000
29.7500 1.2975000
29.8000 1.2980000
29.8500 1.2985000
29.9000 1.2990000
29.9500 1.2995000
30.0000 1.3000000
30.0500 1.3005000
30.1000 1.3010000
30.1500 1.3015000
30.2000 1.3020000
30.2500 1.3025000
30.3000 1.3030000
30.3500 1.3035000
30.4000 1.3040000
30.4500 1.3045000
30.5000 1.3050000
30.5500 1.3055000
30.6000 1.3060000
30.6500 1.3065000
30.7000 1.3070000
30.7500 1.3075000
30.8000 1.3080000
30.8500 1.3085000
30.9000 1.3090000
30.9500 1.3095000
31.0000 1.3100000
31.0500 1.3105000
31.1000 1.3110000
31.1500 1.3115000
31.2000 1.3120000
31.2500 1.3125000
31.3000 1.3130000
31.3500 1.3135000
31.4000 1.3140000
31.4500 1.3145000
31.5000 1.3150000
31.5500 1.3155000
31.6000 1.3160000
31.6500 1.3165000
31.7000 1.3170000
31.7500 1.3175000
31.8000 1.3180000
31.8500 1.3185000
31.9000 1.3190000
31.9500 1.3195000
32.0000 1.3200000
32.0500 1.3205000
32.1000 1.3210000
32.1500 1.3215000
32.2000 1.3220000
32.2500 1.3225000
32.3000 1.3230000
32.3500 1.3235000
32.4000 1.3240000
32.4500 1.3245000
32.5000 1.3250000
32.5500 1.3255000
32.6000 1.3260000
32.6500 1.3265000
32.7000 1.3270000
32.7500 1.3275000
32.8000 1.3280000
32.8500 1.3285000
32.9000 1.3290000
32.9500 1.3295000
33.0000 1.3300000
33.0500 1.3305000
33.1000 1.3310000
33.1500 1.3315000
33.2000 1.3320000
33.2500 1.3325000
33.3000 1.3330000
33.3500 1.3335000
33.4000 1.3340000
33.4500 1.3345000
33.5000 1.3350000
33.5500 1.3355000
33.6000 1.3360000
33.6500 1.3365000
33.7000 1.3370000
33.7500 1.3375000
33.8000 1.3380000
33.8500 1.3385000
33.9000 1.3390000
33.9500 1.3395000
34.0000 1.3400000
34.0500 1.3405000
34.1000 1.3410000
34.1500 1.3415000
34.2000 1.3420000
34.2500 1.3425000
34.3000 1.3430000
34.3500 1.3435000
34.4000 1.3440000
34.4500 1.3445000
34.5000 1.3450000
34.5500 1.3455000
34.6000 1.3460000
34.6500 1.3465000
34.7000 1.3470000
34.7500 1.3475000
34.8000 1.3480000
34.8500 1.3485000
34.9000 1.3490000
34.9500 1.3495000
35.0000 1.3500000
35.0500 1.3505000
35.1000 1.3510000
35.1500 1.3515000
35.2000 1.3520000
35.2500 1.3525000
35.3000 1.3530000
35.3500 1.3535000
35.4000 1.3540000
35.4500 1.3545000
35.5000 1.3550000
35.5500 1.3555000
35.6000 1.3560000
35.6500 1.3565000
35.7000 1.3570000
35.7500 1.3575000
35.8000 1.3580000
35.8500 1.3585000
35.9000 1.3590000
35.9500 1.3595000
36.0000 1.3600000
36.0500 1.3605000
36.1000 1.3610000
36.1500 1.3615000
36.2000 1.3620000
36.2500 1.3625000
36.3000 1.3630000
36.3500 1.3635000
36.4000 1.3640000
36.4500 1.3645000
36.5000 1.3650000
36.5500 1.3655000
36.6000 1.3660000
36.6500 1.3665000
36.7000 1.3670000
36.7500 1.3675000
36.8000 1.3680000
36.8500 1.3685000
36.9000 1.3690000
36.9500 1.3695000
37.0000 1.3700000
37.0500 1.3705000
37.1000 1.3710000
37.1500 1.3715000
37.2000 1.3720000
37.2500 1.3725000
37.3000 1.3730000
37.3500 1.3735000
37.4000 1.3740000
37.4500 1.3745000
37.5000 1.3750000
37.5500 1.3755000
37.6000 1.3760000
37.6500 1.3765000
37.7000 1.3770000
37.7500 1.3775000
37.8000 1.3780000
37.8500 1.3785000
37.9000 1.3790000
37.9500 1.3795000
38.0000 1.3800000
38.0500 1.3805000
38.1000 1.3810000
38.1500 1.3815000
38.2000 1.3820000
38.2500 1.3825000
38.3000 1.3830000
38.3500 1.3835000
38.4000 1.3840000
38.4500 1.3845000
38.5000 1.3850000
38.5500 1.3855000
38.6000 1.3860000
38.6500 1.3865000
38.7000 1.3870000
38.7500 1.3875000
38.8000 1.3880000
38.8500 1.3885000
38.9000 1.3890000
38.9500 1.3895000
39.0000 1.3900000
39.0500 1.3905000
39.1000 1.3910000
39.1500 1.3915000
39.2000 1.3920000
39.2500 1.3925000
39.3000 1.3930000
39.3500 1.3935000
39.4000 1.3940000
39.4500 1.3945000
39.5000 1.3950000
39.5500 1.3955000
39.6000 1.3960000
39.6500 1.3965000
39.7000 1.3970000
39.7500 1.3975000
39.8000 1.3980000
39.8500 1.3985000
39.9000 1.3990000
39.9500 1.3995000
40.0000 1.4000000
40.0500 1.4005000
40.1000 1.4010000
40.1500 1.4015000
40.2000 1.4020000
40.2500 1.4025000
40.3000 1.4030000
40.3500 1.4035000
40.4000 1.4040000
40.4500 1.4045000
40.5000 1.4050000
40.5500 1.4055000
40.6000 1.4060000
40.6500 1.4065000
40.7000 1.4070000
40.7500 1.4075000
40.8000 1.4080000
40.8500 1.4085000
40.9000 1.4090000
40.9500 1.4095000
41.0000 1.4100000
41.0500 1.4105000
41.1000 1.4110000
41.1500 1.4115000
41.2000 1.4120000
41.2500 1.4125000
41.3000 1.4130000
41.3500 1.4135000
41.4000 1.4140000
41.4500 1.4145000
41.5000 1.4150000
41.5500 1.4155000
41.6000 1.4160000
41.6500 1.4165000
41.7000 1.4170000
41.7500 1.4175000
41.8000 1.4180000
41.8500 1.4185000
41.9000 1.4190000
41.9500 1.4195000
42.0000 1.4200000
42.0500 1.4205000
42.1000 1.4210000
42.1500 1.4215000
42.2000 1.4220000
42.2500 1.4225000
42.3000 1.4230000
42.3500 1.4235000
42.4000 1.4240000
42.4500 1.4245000
42.5000 1.4250000
42.5500 1.4255000
42.6000 1.4260000
42.6500 1.4265000
42.7000 1.4270000
42.7500 1.4275000
42.8000 1.4280000
42.8500 1.4285000
42.9000 1.4290000
42.9500 1.4295000
43.0000 1.4300000
43.0500 1.4305000
43.1000 1.4310000
43.1500 1.4315000
43.2000 1.4320000
43.2500 1.4325000
43.3000 1.4330000
43.3500 1.4335000
43.4000 1.4340000
43.4500 1.4345000
43.5000 1.4350000
43.5500 1.4355000
43.6000 1.4360000
43.6500 1.4365000
43.7000 1.4370000
43.7500 1.4375000
43.8000 1.4380000
43.8500 1.4385000
43.9000 1.4390000
43.9500 1.4395000
44.0000 1.4400000
44.0500 1.4405000
44.1000 1.4410000
44.1500 1.4415000
44.2000 1.4420000
44.2500 1.4425000
44.3000 1.4430000
44.3500 1.4435000
44.4000 1.4440000
44.4500 1.4445000
44.5000 1.4450000
44.5500 1.4455000
44.6000 1.4460000
44.6500 1.4465000
44.7000 1.4470000
44.7500 1.4475000
44.8000 1.4480000
44.8500 1.4485000
44.9000 1.4490000
44.9500 1.4495000
45.0000 1.4500000
45.0500 1.4505000
45.1000 1.4510000
45.1500 1.4515000
45.2000 1.4520000
45.2500 1.4525000
45.3000 1.4530000
45.3500 1.4535000
45.4000 1.4540000
45.4500 1.4545000
45.5000 1.4550000
45.5500 1.4555000
45.6000 1.4560000
45.6500 1.4565000
45.7000 1.4570000
45.7500 1.4575000
45.8000 1.4580000
45.8500 1.4585000
45.9000 1.4590000
45.9500 1.4595000
46.0000 1.4600000
46.0500 1.4605000
46.1000 1.4610000
46.1500 1.4615000
46.2000 1.4620000
46.2500 1.4625000
46.3000 1.4630000
46.3500 1.4635000
46.4000 1.4640000
46.4500 1.4645000
46.5000 1.4650000
46.5500 1.4655000
46.6000 1.4660000
46.6500 1.4665000
46.7000 1.4670000
46.7500 1.4675000
46.8000 1.4680007
46.8500 1.4685143
46.9000 1.4692386
46.9500 1.4725107
47.0000 1.4987694
47.0500 1.6787383
47.1000 2.6127045
47.1500 6.2129304
47.2000 16.3871522
47.2500 37.0117812
47.3000 65.6164379
47.3500 89.1651962
47.4000 92.2826777
47.4500 72.7038329
47.5000 43.7957199
47.5500 20.5217666
47.6000 7.9687595
47.6500 3.1530303
47.7000 1.8049111
47.7500 1.5260807
47.8000 1.4834517
47.8500 1.4789634
47.9000 1.4790298
47.9500 1.4795015
48.0000 1.4800001
48.0500 1.4805000
48.1000 1.4810000
48.1500 1.4815000
48.2000 1.4820000
48.2500 1.4825000
48.3000 1.4830000
48.3500 1.4835000
48.4000 1.4840000
48.4500 1.4845000
48.5000 1.4850000
48.5500 1.4855000
48.6000 1.4860000
48.6500 1.4865000
48.7000 1.4870000
48.7500 1.4875000
48.8000 1.4880000
48.8500 1.4885000
48.9000 1.4890000
48.9500 1.4895000
49.0000 1.4900000
49.0500 1.4905000
49.1000 1.4910000
49.1500 1.4915000
49.2000 1.4920000
49.2500 1.4925000
49.3000 1.4930000
49.3500 1.4935000
49.4000 1.4940000
49.4500 1.4945000
49.5000 1.4950000
49.5500 1.4955000
49.6000 1.4960000
49.6500 1.4965000
49.7000 1.4970000
49.7500 1.4975000
49.8000 1.4980000
49.8500 1.4985000
49.9000 1.4990000
49.9500 1.4995000
50.0000 1.5000000
50.0500 1.5005000
50.1000 1.5010000
50.1500 1.5015000
50.2000 1.5020000
50.2500 1.5025000
50.3000 1.5030000
50.3500 1.5035000
50.4000 1.5040000
50.4500 1.5045000
50.5000 1.5050000
50.5500 1.5055000
50.6000 1.5060000
50.6500 1.5065000
50.7000 1.5070000
50.7500 1.5075000
50.8000 1.5080000
50.8500 1.5085000
50.9000 1.5090000
50.9500 1.5095000
51.0000 1.5100000
51.0500 1.5105000
51.1000 1.5110000
51.1500 1.5115000
51.2000 1.5120000
51.2500 1.5125000
51.3000 1.5130000
51.3500 1.5135000
51.4000 1.5140000
51.4500 1.5145000
51.5000 1.5150000
51.5500 1.5155000
51.6000 1.5160000
51.6500 1.5165000
51.7000 1.5170000
51.7500 1.5175000
51.8000 1.5180000
51.8500 1.5185000
51.9000 1.5190000
51.9500 1.5195000
52.0000 1.5200000
52.0500 1.5205000
52.1000 1.5210000
52.1500 1.5215000
52.2000 1.5220000
52.2500 1.5225000
52.3000 1.5230000
52.3500 1.5235000
52.4000 1.5240000
52.4500 1.5245000
52.5000 1.5250000
52.5500 1.5255000
52.6000 1.5260000
52.6500 1.5265000
52.7000 1.5270000
52.7500 1.5275000
52.8000 1.5280000
52.8500 1.5285000
52.9000 1.5290000
52.9500 1.5295000
53.0000 1.5300000
53.0500 1.5305000
53.1000 1.5310000
53.1500 1.5315000
53.2000 1.5320000
53.2500 1.5325000
53.3000 1.5330000
53.3500 1.5335000
53.4000 1.5340000
53.4500 1.5345000
53.5000 1.5350000
53.5500 1.5355000
53.6000 1.5360000
53.6500 1.5365000
53.7000 1.5370000
53.7500 1.5375000
53.8000 1.5380000
53.8500 1.5385000
53.9000 1.5390000
53.9500 1.5395000
54.0000 1.5400000
54.0500 1.5405000
54.1000 1.5410000
54.1500 1.5415000
54.2000 1.5420000
54.2500 1.5425000
54.3000 1.5430000
54.3500 1.5435000
54.4000 1.5440000
54.4500 1.5445000
54.5000 1.5450000
54.5500 1.5455000
54.6000 1.5460000
54.6500 1.5465000
54.7000 1.5470000
54.7500 1.5475000
54.8000 1.5480000
54.8500 1.5485000
54.9000 1.5490000
54.9500 1.5495000
55.0000 1.5500000
55.0500 1.5505000
55.1000 1.5510000
55.1500 1.5515000
55.2000 1.5520000
55.2500 1.5525000
55.3000 1.5530000
55.3500 1.5535000
55.4000 1.5540000
55.4500 1.5545000
55.5000 1.5550000
55.5500 1.5555000
55.6000 1.5560002
55.6500 1.5565042
55.7000 1.5570775
55.7500 1.5585889
55.8000 1.5695829
55.8500 1.6518282
55.9000 2.1286010
55.9500 4.1927450
56.0000 10.7809247
56.0500 26.0184649
56.1000 50.7002818
56.1500 76.3439925
56.2000 87.7672491
56.2500 76.8339237
56.3000 51.3469318
56.3500 26.5043299
56.4000 11.0284472
56.4500 4.2849594
56.5000 2.1573138
56.5500 1.6631842
56.6000 1.5782028
56.6500 1.5676547
56.7000 1.5670828
56.7500 1.5675045
56.8000 1.5680002
56.8500 1.5685000
56.9000 1.5690000
56.9500 1.5695000
57.0000 1.5700000
57.0500 1.5705000
57.1000 1.5710000
57.1500 1.5715000
57.2000 1.5720000
57.2500 1.5725000
57.3000 1.5730000
57.3500 1.5735000
57.4000 1.5740000
57.4500 1.5745000
57.5000 1.5750000
57.5500 1.5755000
57.6000 1.5760000
57.6500 1.5765000
57.7000 1.5770000
57.7500 1.5775000
57.8000 1.5780000
57.8500 1.5785000
57.9000 1.5790000
57.9500 1.5795000
58.0000 1.5800000
58.0500 1.5805000
58.1000 1.5810000
58.1500 1.5815000
58.2000 1.5820000
58.2500 1.5825000
58.3000 1.5830000
58.3500 1.5835000
58.4000 1.5840000
58.4500 1.5845000
58.5000 1.5850000
58.5500 1.5855000
58.6000 1.5860000
58.6500 1.5865000
58.7000 1.5870000
58.7500 1.5875000
58.8000 1.5880000
58.8500 1.5885000
58.9000 1.5890000
58.9500 1.5895000
59.0000 1.5900000
59.0500 1.5905000
59.1000 1.5910000
59.1500 1.5915000
59.2000 1.5920000
59.2500 1.5925000
59.3000 1.5930000
59.3500 1.5935000
59.4000 1.5940000
59.4500 1.5945000
59.5000 1.5950000
59.5500 1.5955000
59.6000 1.5960000
59.6500 1.5965000
59.7000 1.5970000
59.7500 1.5975000
59.8000 1.5980000
59.8500 1.5985000
59.9000 1.5990000
59.9500 1.5995000
60.0000 1.6000000
60.0500 1.6005000
60.1000 1.6010000
60.1500 1.6015000
60.2000 1.6020000
60.2500 1.6025000
60.3000 1.6030000
60.3500 1.6035000
60.4000 1.6040000
60.4500 1.6045000
60.5000 1.6050000
60.5500 1.6055000
60.6000 1.6060000
60.6500 1.6065000
60.7000 1.6070000
60.7500 1.6075000
60.8000 1.6080000
60.8500 1.6085000
60.9000 1.6090000
60.9500 1.6095000
61.0000 1.6100000
61.0500 1.6105000
61.1000 1.6110000
61.1500 1.6115000
61.2000 1.6120000
61.2500 1.6125000
61.3000 1.6130000
61.3500 1.6135000
61.4000 1.6140000
61.4500 1.6145000
61.5000 1.6150000
61.5500 1.6155000
61.6000 1.6160000
61.6500 1.6165000
61.7000 1.6170000
61.7500 1.6175000
61.8000 1.6180000
61.8500 1.6185000
61.9000 1.6190000
61.9500 1.6195000
62.0000 1.6200000
62.0500 1.6205000
62.1000 1.6210000
62.1500 1.6215000
62.2000 1.6220000
62.2500 1.6225000
62.3000 1.6230000
62.3500 1.6235000
62.4000 1.6240000
62.4500 1.6245000
62.5000 1.6250000
62.5500 1.6255000
62.6000 1.6260000
62.6500 1.6265000
62.7000 1.6270000
62.7500 1.6275000
62.8000 1.6280000
62.8500 1.6285000
62.9000 1.6290000
62.9500 1.6295000
63.0000 1.6300000
63.0500 1.6305000
63.1000 1.6310000
63.1500 1.6315000
63.2000 1.6320000
63.2500 1.6325000
63.3000 1.6330000
63.3500 1.6335000
63.4000 1.6340000
63.4500 1.6345000
63.5000 1.6350000
63.5500 1.6355000
63.6000 1.6360000
63.6500 1.6365000
63.7000 1.6370000
63.7500 1.6375000
63.8000 1.6380000
63.8500 1.6385000
63.9000 1.6390000
63.9500 1.6395000
64.0000 1.6400000
64.0500 1.6405000
64.1000 1.6410000
64.1500 1.6415000
64.2000 1.6420000
64.2500 1.6425000
64.3000 1.6430000
64.3500 1.6435000
64.4000 1.6440000
64.4500 1.6445000
64.5000 1.6450000
64.5500 1.6455000
64.6000 1.6460000
64.6500 1.6465000
64.7000 1.6470000
64.7500 1.6475000
64.8000 1.6480000
64.8500 1.6485000
64.9000 1.6490000
64.9500 1.6495000
65.0000 1.6500000
65.0500 1.6505000
65.1000 1.6510000
65.1500 1.6515000
65.2000 1.6520000
65.2500 1.6525000
65.3000 1.6530000
65.3500 1.6535000
65.4000 1.6540000
65.4500 1.6545000
65.5000 1.6550000
65.5500 1.6555000
65.6000 1.6560000
65.6500 1.6565000
65.7000 1.6570000
65.7500 1.6575000
65.8000 1.6580000
65.8500 1.6585000
65.9000 1.6590000
65.9500 1.6595000
66.0000 1.6600000
66.0500 1.6605000
66.1000 1.6610000
66.1500 1.6615000
66.2000 1.6620000
66.2500 1.6625000
66.3000 1.6630000
66.3500 1.6635000
66.4000 1.6640000
66.4500 1.6645000
66.5000 1.6650000
66.5500 1.6655000
66.6000 1.6660000
66.6500 1.6665000
66.7000 1.6670000
66.7500 1.6675000
66.8000 1.6680000
66.8500 1.6685000
66.9000 1.6690000
66.9500 1.6695000
67.0000 1.6700000
67.0500 1.6705000
67.1000 1.6710000
67.1500 1.6715000
67.2000 1.6720000
67.2500 1.6725000
67.3000 1.6730000
67.3500 1.6735000
67.4000 1.6740000
67.4500 1.6745000
67.5000 1.6750000
67.5500 1.6755000
67.6000 1.6760000
67.6500 1.6765000
67.7000 1.6770000
67.7500 1.6775000
67.8000 1.6780000
67.8500 1.6785000
67.9000 1.6790000
67.9500 1.6795000
68.0000 1.6800000
68.0500 1.6805000
68.1000 1.6810000
68.1500 1.6815000
68.2000 1.6820000
68.2500 1.6825000
68.3000 1.6830000
68.3500 1.6835000
68.4000 1.6840000
68.4500 1.6845000
68.5000 1.6850000
68.5500 1.6855000
68.6000 1.6860001
68.6500 1.6865025
68.7000 1.6870487
68.7500 1.6882115
68.8000 1.6958731
68.8500 1.7544932
68.9000 2.1080043
68.9500 3.7046165
69.0000 9.0308180
69.0500 21.9463933
69.1000 44.0280886
69.1500 68.7190309
69.2000 82.0720178
69.2500 74.7064121
69.3000 51.9302413
69.3500 27.8758480
69.4000 12.0300367
69.4500 4.7852376
69.5000 2.3950562
69.5500 1.8156064
69.6000 1.7116085
69.6500 1.6980365
69.7000 1.6971146
69.7500 1.6975065
69.8000 1.6980003
69.8500 1.6985000
69.9000 1.6990000
69.9500 1.6995000
70.0000 1.7000000
70.0500 1.7005000
70.1000 1.7010000
70.1500 1.7015000
70.2000 1.7020000
70.2500 1.7025000
70.3000 1.7030000
70.3500 1.7035000
70.4000 1.7040000
70.4500 1.7045000
70.5000 1.7050000
70.5500 1.7055000
70.6000 1.7060000
70.6500 1.7065000
70.7000 1.7070000
70.7500 1.7075000
70.8000 1.7080000
70.8500 1.7085000
70.9000 1.7090000
70.9500 1.7095000
71.0000 1.7100000
71.0500 1.7105000
71.1000 1.7110000
71.1500 1.7115000
71.2000 1.7120000
71.2500 1.7125000
71.3000 1.7130000
71.3500 1.7135000
71.4000 1.7140000
71.4500 1.7145000
71.5000 1.7150000
71.5500 1.7155000
71.6000 1.7160000
71.6500 1.7165000
71.7000 1.7170000
71.7500 1.7175000
71.8000 1.7180000
71.8500 1.7185000
71.9000 1.7190000
71.9500 1.7195000
72.0000 1.7200000
72.0500 1.7205000
72.1000 1.7210000
72.1500 1.7215000
72.2000 1.7220000
72.2500 1.7225000
72.3000 1.7230000
72.3500 1.7235000
72.4000 1.7240000
72.4500 1.7245000
72.5000 1.7250000
72.5500 1.7255000
72.6000 1.7260000
72.6500 1.7265000
72.7000 1.7270000
72.7500 1.7275000
72.8000 1.7280000
72.8500 1.7285000
72.9000 1.7290000
72.9500 1.7295000
73.0000 1.7300000
73.0500 1.7305000
73.1000 1.7310000
73.1500 1.7315000
73.2000 1.7320000
73.2500 1.7325000
73.3000 1.7330000
73.3500 1.7335000
73.4000 1.7340000
73.4500 1.7345000
73.5000 1.7350000
73.5500 1.7355000
73.6000 1.7360000
73.6500 1.7365000
73.7000 1.7370000
73.7500 1.7375000
73.8000 1.7380000
73.8500 1.7385000
73.9000 1.7390000
73.9500 1.7395000
74.0000 1.7400000
74.0500 1.7405000
74.1000 1.7410000
74.1500 1.7415000
74.2000 1.7420000
74.2500 1.7425000
74.3000 1.7430000
74.3500 1.7435000
74.4000 1.7440000
74.4500 1.7445000
74.5000 1.7450000
74.5500 1.7455000
74.6000 1.7460000
74.6500 1.7465000
74.7000 1.7470000
74.7500 1.7475000
74.8000 1.7480000
74.8500 1.7485000
74.9000 1.7490000
74.9500 1.7495000
75.0000 1.7500000
75.0500 1.7505000
75.1000 1.7510000
75.1500 1.7515000
75.2000 1.7520000
75.2500 1.7525000
75.3000 1.7530000
75.3500 1.7535000
75.4000 1.7540000
75.4500 1.7545000
75.5000 1.7550000
75.5500 1.7555000
75.6000 1.7560000
75.6500 1.7565000
75.7000 1.7570000
75.7500 1.7575000
75.8000 1.7580000
75.8500 1.7585001
75.9000 1.7590031
75.9500 1.7595576
76.0000 1.7608227
76.0500 1.7693985
76.1000 1.8339074
76.1500 2.2139698
76.2000 3.8890144
76.2500 9.3363008
76.3000 22.1907237
76.3500 43.4973757
76.4000 66.3472810
76.4500 77.4676821
76.5000 68.9807129
76.5500 46.9708803
76.6000 24.7948414
76.6500 10.6527125
76.7000 4.3643109
76.7500 2.3425344
76.8000 1.8644332
76.8500 1.7807496
76.9000 1.7701786
76.9500 1.7695859
77.0000 1.7700047
77.0500 1.7705002
77.1000 1.7710000
77.1500 1.7715000
77.2000 1.7720000
77.2500 1.7725000
77.3000 1.7730000
77.3500 1.7735000
77.4000 1.7740000
77.4500 1.7745000
77.5000 1.7750000
77.5500 1.7755000
77.6000 1.7760000
77.6500 1.7765000
77.7000 1.7770000
77.7500 1.7775000
77.8000 1.7780000
77.8500 1.7785000
77.9000 1.7790000
77.9500 1.7795000
78.0000 1.7800000
78.0500 1.7805000
78.1000 1.7810000
78.1500 1.7815000
78.2000 1.7820000
78.2500 1.7825000
78.3000 1.7830000
78.3500 1.7835000
78.4000 1.7840000
78.4500 1.7845000
78.5000 1.7850000
78.5500 1.7855000
78.6000 1.7860000
78.6500 1.7865000
78.7000 1.7870000
78.7500 1.7875000
78.8000 1.7880000
78.8500 1.7885000
78.9000 1.7890000
78.9500 1.7895000
79.0000 1.7900000
79.0500 1.7905000
79.1000 1.7910000
79.1500 1.7915000
79.2000 1.7920000
79.2500 1.7925000
79.3000 1.7930000
79.3500 1.7935000
79.4000 1.7940000
79.4500 1.7945000
79.5000 1.7950000
79.5500 1.7955000
79.6000 1.7960000
79.6500 1.7965000
79.7000 1.7970000
79.7500 1.7975000
79.8000 1.7980000
79.8500 1.7985000
79.9000 1.7990000
79.9500 1.7995000
80.0000 1.8000000
80.0500 1.8005000
80.1000 1.8010000
80.1500 1.8015000
80.2000 1.8020000
80.2500 1.8025000
80.3000 1.8030000
80.3500 1.8035000
80.4000 1.8040000
80.4500 1.8045000
80.5000 1.8050000
80.5500 1.8055000
80.6000 1.8060000
80.6500 1.8065000
80.7000 1.8070000
80.7500 1.8075000
80.8000 1.8080000
80.8500 1.8085000
80.9000 1.8090000
80.9500 1.8095000
81.0000 1.8100000
81.0500 1.8105000
81.1000 1.8110000
81.1500 1.8115000
81.2000 1.8120000
81.2500 1.8125000
81.3000 1.8130000
81.3500 1.8135000
81.4000 1.8140000
81.4500 1.8145000
81.5000 1.8150000
81.5500 1.8155000
81.6000 1.8160000
81.6500 1.8165000
81.7000 1.8170000
81.7500 1.8175000
81.8000 1.8180000
81.8500 1.8185000
81.9000 1.8190000
81.9500 1.8195000
82.0000 1.8200000
82.0500 1.8205000
82.1000 1.8210000
82.1500 1.8215000
82.2000 1.8220000
82.2500 1.8225000
82.3000 1.8230000
82.3500 1.8235000
82.4000 1.8240000
82.4500 1.8245000
82.5000 1.8250000
82.5500 1.8255000
82.6000 1.8260000
82.6500 1.8265000
82.7000 1.8270000
82.7500 1.8275000
82.8000 1.8280000
82.8500 1.8285000
82.9000 1.8290000
82.9500 1.8295000
83.0000 1.8300000
83.0500 1.8305000
83.1000 1.8310000
83.1500 1.8315000
83.2000 1.8320000
83.2500 1.8325000
83.3000 1.8330000
83.3500 1.8335000
83.4000 1.8340000
83.4500 1.8345000
83.5000 1.8350000
83.5500 1.8355000
83.6000 1.8360000
83.6500 1.8365000
83.7000 1.8370000
83.7500 1.8375000
83.8000 1.8380000
83.8500 1.8385000
83.9000 1.8390000
83.9500 1.8395000
84.0000 1.8400000
84.0500 1.8405000
84.1000 1.8410000
84.1500 1.8415000
84.2000 1.8420000
84.2500 1.8425000
84.3000 1.8430000
84.3500 1.8435000
84.4000 1.8440000
84.4500 1.8445000
84.5000 1.8450000
84.5500 1.8455000
84.6000 1.8460000
84.6500 1.8465000
84.7000 1.8470000
84.7500 1.8475000
84.8000 1.8480000
84.8500 1.8485000
84.9000 1.8490000
84.9500 1.8495000
85.0000 1.8500000
85.0500 1.8505000
85.1000 1.8510000
85.1500 1.8515000
85.2000 1.8520000
85.2500 1.8525000
85.3000 1.8530000
85.3500 1.8535000
85.4000 1.8540000
85.4500 1.8545000
85.5000 1.8550000
85.5500 1.8555000
85.6000 1.8560000
85.6500 1.8565000
85.7000 1.8570000
85.7500 1.8575000
85.8000 1.8580000
85.8500 1.8585000
85.9000 1.8590000
85.9500 1.8595000
86.0000 1.8600000
86.0500 1.8605000
86.1000 1.8610000
86.1500 1.8615000
86.2000 1.8620000
86.2500 1.8625000
86.3000 1.8630000
86.3500 1.8635000
86.4000 1.8640000
86.4500 1.8645000
86.5000 1.8650000
86.5500 1.8655000
86.6000 1.8660000
86.6500 1.8665000
86.7000 1.8670000
86.7500 1.8675000
86.8000 1.8680000
86.8500 1.8685000
86.9000 1.8690000
86.9500 1.8695000
87.0000 1.8700000
87.0500 1.8705000
87.1000 1.8710000
87.1500 1.8715000
87.2000 1.8720000
87.2500 1.8725000
87.3000 1.8730000
87.3500 1.8735000
87.4000 1.8740000
87.4500 1.8745000
87.5000 1.8750001
87.5500 1.8755023
87.6000 1.8760450
87.6500 1.8771547
87.7000 1.8842151
87.7500 1.9377258
87.8000 2.2587886
87.8500 3.7021772
87.9000 8.4946827
87.9500 20.0582500
88.0000 39.7169406
88.0500 61.5332751
88.1000 73.1183794
88.1500 66.3203620
88.2000 46.0340052
88.2500 24.7972776
88.3000 10.8913138
88.3500 4.5659647
88.4000 2.4890443
88.4500 1.9878720
88.5000 1.8983777
88.5500 1.8868114
88.6000 1.8860974
88.6500 1.8865055
88.7000 1.8870002
88.7500 1.8875000
88.8000 1.8880000
88.8500 1.8885000
88.9000 1.8890000
88.9500 1.8895000
89.0000 1.8900000
89.0500 1.8905000
89.1000 1.8910000
89.1500 1.8915000
89.2000 1.8920000
89.2500 1.8925000
89.3000 1.8930000
89.3500 1.8935000
89.4000 1.8940000
89.4500 1.8945000
89.5000 1.8950000
89.5500 1.8955000
89.6000 1.8960000
89.6500 1.8965000
89.7000 1.8970000
89.7500 1.8975000
89.8000 1.8980000
89.8500 1.8985000
89.9000 1.8990000
89.9500 1.8995000
90.0000 1.9000000
90.0500 1.9005000
90.1000 1.9010000
90.1500 1.9015000
90.2000 1.9020000
90.2500 1.9025000
90.3000 1.9030000
90.3500 1.9035000
90.4000 1.9040000
90.4500 1.9045000
90.5000 1.9050000
90.5500 1.9055000
90.6000 1.9060000
90.6500 1.9065000
90.7000 1.9070000
90.7500 1.9075000
90.8000 1.9080000
90.8500 1.9085000
90.9000 1.9090000
90.9500 1.9095000
91.0000 1.9100000
91.0500 1.9105000
91.1000 1.9110000
91.1500 1.9115000
91.2000 1.9120000
91.2500 1.9125000
91.3000 1.9130000
91.3500 1.9135000
91.4000 1.9140000
91.4500 1.9145000
91.5000 1.9150000
91.5500 1.9155000
91.6000 1.9160000
91.6500 1.9165000
91.7000 1.9170000
91.7500 1.9175000
91.8000 1.9180000
91.8500 1.9185000
91.9000 1.9190000
91.9500 1.9195000
92.0000 1.9200000
92.0500 1.9205000
92.1000 1.9210000
92.1500 1.9215000
92.2000 1.9220000
92.2500 1.9225000
92.3000 1.9230000
92.3500 1.9235000
92.4000 1.9240000
92.4500 1.9245000
92.5000 1.9250000
92.5500 1.9255000
92.6000 1.9260000
92.6500 1.9265000
92.7000 1.9270000
92.7500 1.9275000
92.8000 1.9280000
92.8500 1.9285000
92.9000 1.9290000
92.9500 1.9295000
93.0000 1.9300000
93.0500 1.9305000
93.1000 1.9310000
93.1500 1.9315000
93.2000 1.9320000
93.2500 1.9325000
93.3000 1.9330000
93.3500 1.9335000
93.4000 1.9340000
93.4500 1.9345000
93.5000 1.9350000
93.5500 1.9355000
93.6000 1.9360000
93.6500 1.9365000
93.7000 1.9370000
93.7500 1.9375000
93.8000 1.9380000
93.8500 1.9385000
93.9000 1.9390000
93.9500 1.9395000
94.0000 1.9400000
94.0500 1.9405000
94.1000 1.9410000
94.1500 1.9415000
94.2000 1.9420000
94.2500 1.9425000
94.3000 1.9430000
94.3500 1.9435000
94.4000 1.9440000
94.4500 1.9445006
94.5000 1.9450121
94.5500 1.9456980
94.6000 1.9484652
94.6500 1.9697436
94.7000 2.1130037
94.7500 2.8455383
94.8000 5.6278873
94.8500 13.3703599
94.9000 28.8025544
94.9500 49.7716805
95.0000 66.4588967
95.0500 67.8637153
95.1000 52.9648411
95.1500 31.8580417
95.2000 15.2322733
95.2500 6.4194436
95.3000 3.0910899
95.3500 2.1731369
95.4000 1.9861068
95.4500 1.9580551
95.5000 1.9552982
95.5500 1.9555189
95.6000 1.9560009
95.6500 1.9565000
95.7000 1.9570000
95.7500 1.9575000
95.8000 1.9580000
95.8500 1.9585000
95.9000 1.9590000
95.9500 1.9595000
96.0000 1.9600000
96.0500 1.9605000
96.1000 1.9610000
96.1500 1.9615000
96.2000 1.9620000
96.2500 1.9625000
96.3000 1.9630000
96.3500 1.9635000
96.4000 1.9640000
96.4500 1.9645000
96.5000 1.9650000
96.5500 1.9655000
96.6000 1.9660000
96.6500 1.9665000
96.7000 1.9670000
96.7500 1.9675000
96.8000 1.9680000
96.8500 1.9685000
96.9000 1.9690000
96.9500 1.9695000
97.0000 1.9700000
97.0500 1.9705000
97.1000 1.9710000
97.1500 1.9715000
97.2000 1.9720000
97.2500 1.9725000
97.3000 1.9730000
97.3500 1.9735000
97.4000 1.9740000
97.4500 1.9745000
97.5000 1.9750000
97.5500 1.9755000
97.6000 1.9760000
97.6500 1.9765000
97.7000 1.9770000
97.7500 1.9775000
97.8000 1.9780000
97.8500 1.9785000
97.9000 1.9790000
97.9500 1.9795000
98.0000 1.9800000
98.0500 1.9805000
98.1000 1.9810000
98.1500 1.9815000
98.2000 1.9820000
98.2500 1.9825000
98.3000 1.9830000
98.3500 1.9835000
98.4000 1.9840000
98.4500 1.9845000
98.5000 1.9850000
98.5500 1.9855000
98.6000 1.9860000
98.6500 1.9865000
98.7000 1.9870000
98.7500 1.9875000
98.8000 1.9880000
98.8500 1.9885000
98.9000 1.9890000
98.9500 1.9895000
99.0000 1.9900000
99.0500 1.9905000
99.1000 1.9910000
99.1500 1.9915000
99.2000 1.9920000
99.2500 1.9925000
99.3000 1.9930000
99.3500 1.9935000
99.4000 1.9940000
99.4500 1.9945000
99.5000 1.9950000
99.5500 1.9955000
99.6000 1.9960000
99.6500 1.9965000
99.7000 1.9970000
99.7500 1.9975000
99.8000 1.9980000
99.8500 1.9985000
99.9000 1.9990000
99.9500 1.9995000
100.0000 2.0000000
100.0500 2.0005000
100.1000 2.0010000
100.1500 2.0015000
100.2000 2.0020000
100.2500 2.0025000
100.3000 2.0030000
100.3500 2.0035000
100.4000 2.0040000
100.4500 2.0045000
100.5000 2.0050000
100.5500 2.0055000
100.6000 2.0060000
100.6500 2.0065000
100.7000 2.0070000
100.7500 2.0075000
100.8000 2.0080000
100.8500 2.0085000
100.9000 2.0090000
100.9500 2.0095000
101.0000 2.0100000
101.0500 2.0105000
101.1000 2.0110000
101.1500 2.0115000
101.2000 2.0120000
101.2500 2.0125000
101.3000 2.0130000
101.3500 2.0135000
101.4000 2.0140000
101.4500 2.0145000
101.5000 2.0150000
101.5500 2.0155000
101.6000 2.0160000
101.6500 2.0165000
101.7000 2.0170000
101.7500 2.0175000
101.8000 2.0180000
101.8500 2.0185000
101.9000 2.0190000
101.9500 2.0195000
102.0000 2.0200000
102.0500 2.0205000
102.1000 2.0210000
102.1500 2.0215000
102.2000 2.0220000
102.2500 2.0225000
102.3000 2.0230000
102.3500 2.0235000
102.4000 2.0240000
102.4500 2.0245000
102.5000 2.0250000
102.5500 2.0255000
102.6000 2.0260000
102.6500 2.0265000
102.7000 2.0270000
102.7500 2.0275000
102.8000 2.0280000
102.8500 2.0285000
102.9000 2.0290000
102.9500 2.0295000
103.0000 2.0300000
103.0500 2.0305000
103.1000 2.0310000
103.1500 2.0315000
103.2000 2.0320000
103.2500 2.0325000
103.3000 2.0330000
103.3500 2.0335000
103.4000 2.0340000
103.4500 2.0345000
103.5000 2.0350000
103.5500 2.0355000
103.6000 2.0360000
103.6500 2.0365000
103.7000 2.0370000
103.7500 2.0375000
103.8000 2.0380000
103.8500 2.0385000
103.9000 2.0390000
103.9500 2.0395000
104.0000 2.0400000
104.0500 2.0405000
104.1000 2.0410000
104.1500 2.0415000
104.2000 2.0420000
104.2500 2.0425000
104.3000 2.0430000
104.3500 2.0435000
104.4000 2.0440000
104.4500 2.0445000
104.5000 2.0450000
104.5500 2.0455000
104.6000 2.0460000
104.6500 2.0465000
104.7000 2.0470000
104.7500 2.0475000
104.8000 2.0480000
104.8500 2.0485000
104.9000 2.0490000
104.9500 2.0495000
105.0000 2.0500000
105.0500 2.0505000
105.1000 2.0510000
105.1500 2.0515000
105.2000 2.0520000
105.2500 2.0525000
105.3000 2.0530000
105.3500 2.0535000
105.4000 2.0540000
105.4500 2.0545000
105.5000 2.0550000
105.5500 2.0555000
105.6000 2.0560000
105.6500 2.0565000
105.7000 2.0570000
105.7500 2.0575000
105.8000 2.0580000
105.8500 2.0585000
105.9000 2.0590000
105.9500 2.0595000
106.0000 2.0600000
106.0500 2.0605000
106.1000 2.0610000
106.1500 2.0615000
106.2000 2.0620004
106.2500 2.0625084
106.3000 2.0631429
106.3500 2.0653296
106.4000 2.0817490
106.4500 2.1949205
106.5000 2.7909048
106.5500 5.1258843
106.6000 11.8391576
106.6500 25.7069907
106.7000 45.3822390
106.7500 62.1831554
106.8000 65.2650931
106.8500 52.3918173
106.9000 32.4221708
106.9500 15.9371066
107.0000 6.8691199
107.0500 3.3285107
107.1000 2.3207869
107.1500 2.1090680
107.2000 2.0762798
107.2500 2.0728693
107.3000 2.0730241
107.3500 2.0735012
107.4000 2.0740000
107.4500 2.0745000
107.5000 2.0750000
107.5500 2.0755000
107.6000 2.0760000
107.6500 2.0765000
107.7000 2.0770000
107.7500 2.0775000
107.8000 2.0780000
107.8500 2.0785000
107.9000 2.0790000
107.9500 2.0795000
108.0000 2.0800000
108.0500 2.0805000
108.1000 2.0810000
108.1500 2.0815000
108.2000 2.0820000
108.2500 2.0825000
108.3000 2.0830000
108.3500 2.0835000
108.4000 2.0840000
108.4500 2.0845000
108.5000 2.0850000
108.5500 2.0855000
108.6000 2.0860000
108.6500 2.0865000
108.7000 2.0870000
108.7500 2.0875000
108.8000 2.0880000
108.8500 2.0885000
108.9000 2.0890000
108.9500 2.0895000
109.0000 2.0900000
109.0500 2.0905000
109.1000 2.0910000
109.1500 2.0915000
109.2000 2.0920000
109.2500 2.0925000
109.3000 2.0930000
109.3500 2.0935000
109.4000 2.0940000
109.4500 2.0945000
109.5000 2.0950000
109.5500 2.0955000
109.6000 2.0960000
109.6500 2.0965000
109.7000 2.0970000
109.7500 2.0975000
109.8000 2.0980000
109.8500 2.0985000
109.9000 2.0990000
109.9500 2.0995000
110.0000 2.1000000
110.0500 2.1005000
110.1000 2.1010000
110.1500 2.1015000
110.2000 2.1020000
110.2500 2.1025000
110.3000 2.1030000
110.3500 2.1035000
110.4000 2.1040000
110.4500 2.1045000
110.5000 2.1050000
110.5500 2.1055000
110.6000 2.1060000
110.6500 2.1065000
110.7000 2.1070000
110.7500 2.1075000
110.8000 2.1080000
110.8500 2.1085000
110.9000 2.1090000
110.9500 2.1095000
111.0000 2.1100000
111.0500 2.1105000
111.1000 2.1110000
111.1500 2.1115000
111.2000 2.1120000
111.2500 2.1125000
111.3000 2.1130000
111.3500 2.1135000
111.4000 2.1140000
111.4500 2.1145000
111.5000 2.1150000
111.5500 2.1155000
111.6000 2.1160000
111.6500 2.1165000
111.7000 2.1170000
111.7500 2.1175000
111.8000 2.1180000
111.8500 2.1185000
111.9000 2.1190000
111.9500 2.1195000
112.0000 2.1200000
112.0500 2.1205000
112.1000 2.1210000
112.1500 2.1215000
112.2000 2.1220000
112.2500 2.1225000
112.3000 2.1230000
112.3500 2.1235000
112.4000 2.1240000
112.4500 2.1245000
112.5000 2.1250000
112.5500 2.1255000
112.6000 2.1260000
112.6500 2.1265000
112.7000 2.1270000
112.7500 2.1275000
112.8000 2.1280000
112.8500 2.1285000
112.9000 2.1290000
112.9500 2.1295000
113.0000 2.1300000
113.0500 2.1305000
113.1000 2.1310000
113.1500 2.1315000
113.2000 2.1320000
113.2500 2.1325000
113.3000 2.1330000
113.3500 2.1335000
113.4000 2.1340000
113.4500 2.1345000
113.5000 2.1350000
113.5500 2.1355000
113.6000 2.1360011
113.6500 2.1365217
113.7000 2.1373332
113.7500 2.1413836
113.8000 2.1722833
113.8500 2.3677410
113.9000 3.3000868
113.9500 6.5940077
114.0000 15.0848606
114.0500 30.6347798
114.1000 49.6505192
114.1500 62.1435694
114.2000 59.5423403
114.2500 43.7359888
114.3000 24.9726301
114.3500 11.6350042
114.4000 5.1330547
114.4500 2.8575095
114.5000 2.2738307
114.5500 2.1631322
114.6000 2.1478279
114.6500 2.1466435
114.7000 2.1470085
114.7500 2.1475004
114.8000 2.1480000
114.8500 2.1485000
114.9000 2.1490000
114.9500 2.1495000
115.0000 2.1500000
115.0500 2.1505000
115.1000 2.1510000
115.1500 2.1515000
115.2000 2.1520000
115.2500 2.1525000
115.3000 2.1530000
115.3500 2.1535000
115.4000 2.1540000
115.4500 2.1545000
115.5000 2.1550000
115.5500 2.1555000
115.6000 2.1560000
115.6500 2.1565000
115.7000 2.1570000
115.7500 2.1575000
115.8000 2.1580000
115.8500 2.1585000
115.9000 2.1590000
115.9500 2.1595000
116.0000 2.1600000
116.0500 2.1605000
116.1000 2.1610000
116.1500 2.1615000
116.2000 2.1620000
116.2500 2.1625000
116.3000 2.1630000
116.3500 2.1635000
116.4000 2.1640000
116.4500 2.1645000
116.5000 2.1650000
116.5500 2.1655000
116.6000 2.1660000
116.6500 2.1665000
116.7000 2.1670000
116.7500 2.1675000
116.8000 2.1680000
116.8500 2.1685000
116.9000 2.1690000
116.9500 2.1695000
117.0000 2.1700000
117.0500 2.1705000
117.1000 2.1710000
117.1500 2.1715000
117.2000 2.1720000
117.2500 2.1725000
117.3000 2.1730000
117.3500 2.1735000
117.4000 2.1740000
117.4500 2.1745000
117.5000 2.1750000
117.5500 2.1755000
117.6000 2.1760000
117.6500 2.1765000
117.7000 2.1770000
117.7500 2.1775000
117.8000 2.1780000
117.8500 2.1785000
117.9000 2.1790000
117.9500 2.1795000
118.0000 2.1800000
118.0500 2.1805000
118.1000 2.1810000
118.1500 2.1815000
118.2000 2.1820000
118.2500 2.1825000
118.3000 2.1830000
118.3500 2.1835000
118.4000 2.1840000
118.4500 2.1845000
118.5000 2.1850000
118.5500 2.1855000
118.6000 2.1860000
118.6500 2.1865000
118.7000 2.1870000
118.7500 2.1875000
118.8000 2.1880000
118.8500 2.1885000
118.9000 2.1890000
118.9500 2.1895000
119.0000 2.1900000
119.0500 2.1905000
119.1000 2.1910000
119.1500 2.1915000
119.2000 2.1920000
119.2500 2.1925000
119.3000 2.1930000
119.3500 2.1935000
119.4000 2.1940000
119.4500 2.1945000
119.5000 2.1950000
119.5500 2.1955000
119.6000 2.1960000
119.6500 2.1965000
119.7000 2.1970000
119.7500 2.1975000
119.8000 2.1980000
119.8500 2.1985000
119.9000 2.1990000
119.9500 2.1995000
120.0000 2.2000000
120.0500 2.2005000
120.1000 2.2010000
120.1500 2.2015000
120.2000 2.2020000
120.2500 2.2025000
120.3000 2.2030000
120.3500 2.2035000
120.4000 2.2040000
120.4500 2.2045000
120.5000 2.2050000
120.5500 2.2055000
120.6000 2.2060000
120.6500 2.2065000
120.7000 2.2070000
120.7500 2.2075000
120.8000 2.2080000
120.8500 2.2085000
120.9000 2.2090000
120.9500 2.2095000
121.0000 2.2100000
121.0500 2.2105000
121.1000 2.2110000
121.1500 2.2115000
121.2000 2.2120000
121.2500 2.2125000
121.3000 2.2130000
121.3500 2.2135000
121.4000 2.2140000
121.4500 2.2145000
121.5000 2.2150000
121.5500 2.2155000
121.6000 2.2160000
121.6500 2.2165000
121.7000 2.2170000
121.7500 2.2175000
121.8000 2.2180000
121.8500 2.2185000
121.9000 2.2190000
121.9500 2.2195000
122.0000 2.2200000
122.0500 2.2205000
122.1000 2.2210000
122.1500 2.2215000
122.2000 2.2220000
122.2500 2.2225000
122.3000 2.2230000
122.3500 2.2235000
122.4000 2.2240000
122.4500 2.2245000
122.5000 2.2250000
122.5500 2.2255000
122.6000 2.2260000
122.6500 2.2265000
122.7000 2.2270000
122.7500 2.2275000
122.8000 2.2280000
122.8500 2.2285000
122.9000 2.2290000
122.9500 2.2295000
123.0000 2.2300000
123.0500 2.2305000
123.1000 2.2310000
123.1500 2.2315000
123.2000 2.2320000
123.2500 2.2325000
123.3000 2.2330000
123.3500 2.2335000
123.4000 2.2340000
123.4500 2.2345000
123.5000 2.2350000
123.5500 2.2355000
123.6000 2.2360000
123.6500 2.2365000
123.7000 2.2370000
123.7500 2.2375000
123.8000 2.2380000
123.8500 2.2385000
123.9000 2.2390000
123.9500 2.2395000
124.0000 2.2400000
124.0500 2.2405000
124.1000 2.2410000
124.1500 2.2415000
124.2000 2.2420000
124.2500 2.2425000
124.3000 2.2430000
124.3500 2.2435000
124.4000 2.2440000
124.4500 2.2445000
124.5000 2.2450000
124.5500 2.2455000
124.6000 2.2460000
124.6500 2.2465000
124.7000 2.2470000
124.7500 2.2475000
124.8000 2.2480000
124.8500 2.2485000
124.9000 2.2490000
124.9500 2.2495000
125.0000 2.2500000
125.0500 2.2505000
125.1000 2.2510000
125.1500 2.2515000
125.2000 2.2520000
125.2500 2.2525000
125.3000 2.2530000
125.3500 2.2535000
125.4000 2.2540000
125.4500 2.2545000
125.5000 2.2550000
125.5500 2.2555000
125.6000 2.2560000
125.6500 2.2565000
125.7000 2.2570000
125.7500 2.2575000
125.8000 2.2580000
125.8500 2.2585000
125.9000 2.2590000
125.9500 2.2595000
126.0000 2.2600000
126.0500 2.2605000
126.1000 2.2610000
126.1500 2.2615000
126.2000 2.2620000
126.2500 2.2625000
126.3000 2.2630000
126.3500 2.2635000
126.4000 2.2640000
126.4500 2.2645000
126.5000 2.2650000
126.5500 2.2655000
126.6000 2.2660000
126.6500 2.2665000
126.7000 2.2670000
126.7500 2.2675000
126.8000 2.2680000
126.8500 2.2685000
126.9000 2.2690000
126.9500 2.2695000
127.0000 2.2700000
127.0500 2.2705010
127.1000 2.2710198
127.1500 2.2718057
127.2000 2.2755776
127.2500 2.3042129
127.3000 2.4859300
127.3500 3.3564303
127.4000 6.4458321
127.4500 14.4480092
127.5000 29.1821311
127.5500 47.3241362
127.6000 59.4052527
127.6500 57.1544756
127.7000 42.2070879
127.7500 24.2847154
127.8000 11.4653987
127.8500 5.1837444
127.9000 2.9748817
127.9500 2.4057557
128.0000 2.2973512
128.0500 2.2823062
128.1000 2.2811424
128.1500 2.2815085
128.2000 2.2820004
128.2500 2.2825000
128.3000 2.2830000
128.3500 2.2835000
128.4000 2.2840000
128.4500 2.2845000
128.5000 2.2850000
128.5500 2.2855000
128.6000 2.2860000
128.6500 2.2865000
128.7000 2.2870000
128.7500 2.2875000
128.8000 2.2880000
128.8500 2.2885000
128.9000 2.2890000
128.9500 2.2895000
129.0000 2.2900000
129.0500 2.2905000
129.1000 2.2910000
129.1500 2.2915000
129.2000 2.2920000
129.2500 2.2925000
129.3000 2.2930000
129.3500 2.2935000
129.4000 2.2940000
129.4500 2.2945000
129.5000 2.2950000
129.5500 2.2955000
129.6000 2.2960000
129.6500 2.2965000
129.7000 2.2970000
129.7500 2.2975000
129.8000 2.2980000
129.8500 2.2985000
129.9000 2.2990000
129.9500 2.2995000
130.0000 2.3000000
130.0500 2.3005000
130.1000 2.3010000
130.1500 2.3015000
130.2000 2.3020000
130.2500 2.3025000
130.3000 2.3030000
130.3500 2.3035000
130.4000 2.3040000
130.4500 2.3045000
130.5000 2.3050000
130.5500 2.3055000
130.6000 2.3060000
130.6500 2.3065000
130.7000 2.3070000
130.7500 2.3075000
130.8000 2.3080000
130.8500 2.3085000
130.9000 2.3090000
130.9500 2.3095000
131.0000 2.3100000
131.0500 2.3105000
131.1000 2.3110000
131.1500 2.3115000
131.2000 2.3120000
131.2500 2.3125000
131.3000 2.3130000
131.3500 2.3135000
131.4000 2.3140000
131.4500 2.3145000
131.5000 2.3150000
131.5500 2.3155000
131.6000 2.3160000
131.6500 2.3165000
131.7000 2.3170000
131.7500 2.3175000
131.8000 2.3180000
131.8500 2.3185000
131.9000 2.3190000
131.9500 2.3195000
132.0000 2.3200000
132.0500 2.3205000
132.1000 2.3210000
132.1500 2.3215000
132.2000 2.3220000
132.2500 2.3225000
132.3000 2.3230000
132.3500 2.3235000
132.4000 2.3240000
132.4500 2.3245000
132.5000 2.3250000
132.5500 2.3255000
132.6000 2.3260000
132.6500 2.3265000
132.7000 2.3270000
132.7500 2.3275000
132.8000 2.3280000
132.8500 2.3285000
132.9000 2.3290000
132.9500 2.3295000
133.0000 2.3300000
133.0500 2.3305000
133.1000 2.3310000
133.1500 2.3315000
133.2000 2.3320000
133.2500 2.3325000
133.3000 2.3330000
133.3500 2.3335000
133.4000 2.3340000
133.4500 2.3345000
133.5000 2.3350000
133.5500 2.3355000
133.6000 2.3360000
133.6500 2.3365000
133.7000 2.3370000
133.7500 2.3375000
133.8000 2.3380000
133.8500 2.3385000
133.9000 2.3390000
133.9500 2.3395000
134.0000 2.3400000
134.0500 2.3405000
134.1000 2.3410000
134.1500 2.3415000
134.2000 2.3420000
134.2500 2.3425000
134.3000 2.3430000
134.3500 2.3435000
134.4000 2.3440000
134.4500 2.3445000
134.5000 2.3450000
134.5500 2.3455000
134.6000 2.3460000
134.6500 2.3465000
134.7000 2.3470000
134.7500 2.3475000
134.8000 2.3480000
134.8500 2.3485000
134.9000 2.3490000
134.9500 2.3495000
135.0000 2.3500000
135.0500 2.3505000
135.1000 2.3510000
135.1500 2.3515000
135.2000 2.3520000
135.2500 2.3525000
135.3000 2.3530000
135.3500 2.3535000
135.4000 2.3540000
135.4500 2.3545000
135.5000 2.3550000
135.5500 2.3555000
135.6000 2.3560000
135.6500 2.3565000
135.7000 2.3570000
135.7500 2.3575000
135.8000 2.3580000
135.8500 2.3585000
135.9000 2.3590000
135.9500 2.3595000
136.0000 2.3600000
136.0500 2.3605000
136.1000 2.3610000
136.1500 2.3615000
136.2000 2.3620000
136.2500 2.3625000
136.3000 2.3630000
136.3500 2.3635000
136.4000 2.3640011
136.4500 2.3645225
136.5000 2.3653413
136.5500 2.3694281
136.6000 2.4002434
136.6500 2.5926160
136.7000 3.4979621
136.7500 6.6522693
136.8000 14.6641589
136.8500 29.0969721
136.9000 46.3779943
136.9500 57.2567408
137.0000 54.2218192
137.0500 39.4743727
137.1000 22.4821603
137.1500 10.6284120
137.2000 4.9397979
137.2500 2.9773764
137.3000 2.4809282
137.3500 2.3880870
137.4000 2.3754933
137.4500 2.3746158
137.5000 2.3750068
137.5500 2.3755003
137.6000 2.3760000
137.6500 2.3765000
137.7000 2.3770000
137.7500 2.3775000
137.8000 2.3780000
137.8500 2.3785000
137.9000 2.3790000
137.9500 2.3795000
138.0000 2.3800000
138.0500 2.3805000
138.1000 2.3810000
138.1500 2.3815000
138.2000 2.3820000
138.2500 2.3825000
138.3000 2.3830000
138.3500 2.3835000
138.4000 2.3840000
138.4500 2.3845000
138.5000 2.3850000
138.5500 2.3855000
138.6000 2.3860000
138.6500 2.3865000
138.7000 2.3870000
138.7500 2.3875000
138.8000 2.3880000
138.8500 2.3885000
138.9000 2.3890000
138.9500 2.3895000
139.0000 2.3900000
139.0500 2.3905000
139.1000 2.3910000
139.1500 2.3915000
139.2000 2.3920000
139.2500 2.3925000
139.3000 2.3930000
139.3500 2.3935000
139.4000 2.3940000
139.4500 2.3945000
139.5000 2.3950000
139.5500 2.3955000
139.6000 2.3960000
139.6500 2.3965000
139.7000 2.3970000
139.7500 2.3975000
139.8000 2.3980000
139.8500 2.3985000
139.9000 2.3990000
139.9500 2.3995000
140.0000 2.4000000
140.0500 2.4005000
140.1000 2.4010000
140.1500 2.4015000
140.2000 2.4020000
140.2500 2.4025000
140.3000 2.4030000
140.3500 2.4035000
140.4000 2.4040000
140.4500 2.4045000
140.5000 2.4050000
140.5500 2.4055000
140.6000 2.4060000
140.6500 2.4065000
140.7000 2.4070000
140.7500 2.4075000
140.8000 2.4080000
140.8500 2.4085000
140.9000 2.4090000
140.9500 2.4095000
141.0000 2.4100000
141.0500 2.4105000
141.1000 2.4110000
141.1500 2.4115000
141.2000 2.4120000
141.2500 2.4125000
141.3000 2.4130000
141.3500 2.4135000
141.4000 2.4140000
141.4500 2.4145000
141.5000 2.4150000
141.5500 2.4155000
141.6000 2.4160000
141.6500 2.4165000
141.7000 2.4170000
141.7500 2.4175000
141.8000 2.4180000
141.8500 2.4185000
141.9000 2.4190000
141.9500 2.4195000
142.0000 2.4200000
142.0500 2.4205000
142.1000 2.4210000
142.1500 2.4215000
142.2000 2.4220000
142.2500 2.4225000
142.3000 2.4230000
142.3500 2.4235000
142.4000 2.4240000
142.4500 2.4245000
142.5000 2.4250000
142.5500 2.4255000
142.6000 2.4260000
142.6500 2.4265000
142.7000 2.4270000
142.7500 2.4275000
142.8000 2.4280000
142.8500 2.4285000
142.9000 2.4290000
142.9500 2.4295000
143.0000 2.4300000
143.0500 2.4305000
143.1000 2.4310000
143.1500 2.4315000
143.2000 2.4320000
143.2500 2.4325000
143.3000 2.4330000
143.3500 2.4335000
143.4000 2.4340000
143.4500 2.4345000
143.5000 2.4350000
143.5500 2.4355000
143.6000 2.4360000
143.6500 2.4365000
143.7000 2.4370000
143.7500 2.4375000
143.8000 2.4380000
143.8500 2.4385000
143.9000 2.4390000
143.9500 2.4395000
144.0000 2.4400000
144.0500 2.4405000
144.1000 2.4410000
144.1500 2.4415000
144.2000 2.4420000
144.2500 2.4425000
144.3000 2.4430000
144.3500 2.4435000
144.4000 2.4440000
144.4500 2.4445000
144.5000 2.4450000
144.5500 2.4455000
144.6000 2.4460000
144.6500 2.4465000
144.7000 2.4470000
144.7500 2.4475000
144.8000 2.4480000
144.8500 2.4485000
144.9000 2.4490000
144.9500 2.4495000
145.0000 2.4500000
145.0500 2.4505000
145.1000 2.4510000
145.1500 2.4515000
145.2000 2.4520000
145.2500 2.4525000
145.3000 2.4530000
145.3500 2.4535000
145.4000 2.4540000
145.4500 2.4545000
145.5000 2.4550000
145.5500 2.4555000
145.6000 2.4560000
145.6500 2.4565000
145.7000 2.4570000
145.7500 2.4575000
145.8000 2.4580000
145.8500 2.4585000
145.9000 2.4590000
145.9500 2.4595000
146.0000 2.4600000
146.0500 2.4605000
146.1000 2.4610000
146.1500 2.4615000
146.2000 2.4620000
146.2500 2.4625000
146.3000 2.4630000
146.3500 2.4635000
146.4000 2.4640000
146.4500 2.4645000
146.5000 2.4650000
146.5500 2.4655000
146.6000 2.4660000
146.6500 2.4665000
146.7000 2.4670000
146.7500 2.4675000
146.8000 2.4680000
146.8500 2.4685000
146.9000 2.4690000
146.9500 2.4695000
147.0000 2.4700000
147.0500 2.4705000
147.1000 2.4710000
147.1500 2.4715000
147.2000 2.4720000
147.2500 2.4725000
147.3000 2.4730000
147.3500 2.4735000
147.4000 2.4740000
147.4500 2.4745000
147.5000 2.4750000
147.5500 2.4755000
147.6000 2.4760000
147.6500 2.4765000
147.7000 2.4770000
147.7500 2.4775000
147.8000 2.4780000
147.8500 2.4785000
147.9000 2.4790000
147.9500 2.4795000
148.0000 2.4800000
148.0500 2.4805000
148.1000 2.4810000
148.1500 2.4815000
148.2000 2.4820000
148.2500 2.4825000
148.3000 2.4830000
148.3500 2.4835000
148.4000 2.4840000
148.4500 2.4845000
148.5000 2.4850000
148.5500 2.4855000
148.6000 2.4860000
148.6500 2.4865000
148.7000 2.4870000
148.7500 2.4875000
148.8000 2.4880000
148.8500 2.4885000
148.9000 2.4890000
148.9500 2.4895000
149.0000 2.4900000
149.0500 2.4905000
149.1000 2.4910000
149.1500 2.4915000
149.2000 2.4920000
149.2500 2.4925000
149.3000 2.4930000
149.3500 2.4935000
149.4000 2.4940000
149.4500 2.4945000
149.5000 2.4950000
149.5500 2.4955000
149.6000 2.4960000
149.6500 2.4965000
149.7000 2.4970000
149.7500 2.4975000
149.8000 2.4980000
149.8500 2.4985000
149.9000 2.4990000
149.9500 2.4995000
150.0000 2.5000000
